3 	7 	16 	23 	28 	34 	38 	41 	
0.501187 	0.199526 	0.025119 	0.005012 	0.001585 	0.000398 	0.000158 	0.000079 	
4.998763e-07 	5.008760e-04 	1.921025e-02 	4.189213e-02 	1.452266e-01 	1.000000e+00 	1.000000e+00 	1.000000e+00 	
3.571557e-07 	4.175151e-04 	1.179400e-02 	2.814744e-02 	9.826997e-02 	1.000000e+00 	1.000000e+00 	1.000000e+00 	
2.624983e-07 	6.142461e-04 	4.469795e-02 	1.057435e-01 	2.392788e-01 	1.000000e+00 	1.000000e+00 	1.000000e+00 	
1.834966e-07 	4.948903e-04 	3.617965e-02 	7.666560e-02 	1.530204e-01 	3.107863e-01 	1.000000e+00 	1.000000e+00 	
2.348078e-07 	2.639239e-04 	1.533694e-02 	3.224286e-02 	7.495439e-02 	2.046697e-01 	1.000000e+00 	1.000000e+00 	
2.054384e-07 	1.276595e-03 	1.381553e-02 	2.940482e-02 	6.350000e-02 	1.659421e-01 	1.000000e+00 	1.000000e+00 	
3.575712e-07 	1.566877e-03 	1.578534e-02 	3.318797e-02 	6.907596e-02 	1.652941e-01 	1.000000e+00 	1.000000e+00 	
3.121660e-07 	1.478418e-03 	1.476545e-02 	3.110734e-02 	6.471263e-02 	1.542365e-01 	1.000000e+00 	1.000000e+00 	
3.277389e-07 	1.358150e-03 	1.411998e-02 	2.985669e-02 	6.196593e-02 	1.465134e-01 	1.000000e+00 	1.000000e+00 	
2.214773e-07 	1.197749e-03 	1.242532e-02 	2.632391e-02 	5.556224e-02 	1.357700e-01 	1.000000e+00 	1.000000e+00 	
2.842542e-07 	1.183634e-03 	1.288325e-02 	2.739699e-02 	5.785511e-02 	1.392305e-01 	1.000000e+00 	1.000000e+00 	
3.190795e-07 	1.278552e-03 	1.331232e-02 	2.837000e-02 	5.982996e-02 	1.426199e-01 	1.000000e+00 	1.000000e+00 	
2.659139e-07 	1.461995e-03 	1.389746e-02 	2.969194e-02 	6.264718e-02 	1.489676e-01 	1.000000e+00 	1.000000e+00 	
2.169349e-07 	1.133919e-03 	1.116846e-02 	2.379212e-02 	5.012671e-02 	1.165088e-01 	3.284889e-01 	1.000000e+00 	
2.171382e-07 	1.246374e-03 	1.125189e-02 	2.400138e-02 	5.039822e-02 	1.173031e-01 	3.297351e-01 	1.000000e+00 	
2.251557e-07 	1.185220e-03 	1.120780e-02 	2.394441e-02 	5.027119e-02 	1.169053e-01 	3.291625e-01 	1.000000e+00 	
2.100073e-07 	1.186751e-03 	1.105373e-02 	2.368231e-02 	4.972615e-02 	1.161483e-01 	3.301841e-01 	1.000000e+00 	
2.076508e-07 	1.235730e-03 	1.122020e-02 	2.415851e-02 	5.067447e-02 	1.178343e-01 	3.330810e-01 	1.000000e+00 	
2.107883e-07 	1.170929e-03 	1.109611e-02 	2.400478e-02 	5.040202e-02 	1.177698e-01 	3.279480e-01 	1.000000e+00 	
2.141861e-07 	1.405275e-03 	1.156262e-02 	2.492162e-02 	5.177778e-02 	1.198204e-01 	3.324490e-01 	1.000000e+00 	
2.003714e-07 	1.374949e-03 	1.125827e-02 	2.442728e-02 	5.098732e-02 	1.189958e-01 	3.327881e-01 	1.000000e+00 	
2.163525e-07 	1.482231e-03 	1.123216e-02 	2.458111e-02 	5.110312e-02 	1.191616e-01 	3.345143e-01 	1.000000e+00 	
2.141269e-07 	1.547067e-03 	1.104210e-02 	2.434859e-02 	5.042497e-02 	1.177985e-01 	3.332059e-01 	1.000000e+00 	
2.083451e-07 	1.648843e-03 	1.118167e-02 	2.467202e-02 	5.108351e-02 	1.190023e-01 	3.342580e-01 	1.000000e+00 	
2.024708e-07 	1.827096e-03 	1.148232e-02 	2.537769e-02 	5.222127e-02 	1.208898e-01 	3.390337e-01 	1.000000e+00 	
2.164865e-07 	2.123300e-03 	1.199898e-02 	2.641699e-02 	5.373910e-02 	1.235603e-01 	3.445823e-01 	1.000000e+00 	
2.077088e-07 	2.311799e-03 	1.222055e-02 	2.695770e-02 	5.442137e-02 	1.245308e-01 	3.454435e-01 	1.000000e+00 	
2.050486e-07 	2.387381e-03 	1.180793e-02 	2.619742e-02 	5.317771e-02 	1.232436e-01 	3.466240e-01 	1.000000e+00 	
1.964286e-07 	2.635090e-03 	1.234907e-02 	2.764301e-02 	5.544021e-02 	1.266363e-01 	3.524473e-01 	1.000000e+00 	
2.069026e-07 	2.821531e-03 	1.239885e-02 	2.769040e-02 	5.514659e-02 	1.262654e-01 	3.580636e-01 	1.000000e+00 	
1.965348e-07 	2.957456e-03 	1.232568e-02 	2.741838e-02 	5.484756e-02 	1.256677e-01 	3.515908e-01 	1.000000e+00 	
1.975743e-07 	3.139060e-03 	1.245331e-02 	2.748397e-02 	5.480296e-02 	1.261212e-01 	3.549326e-01 	1.000000e+00 	
2.113843e-07 	3.400751e-03 	1.287436e-02 	2.836820e-02 	5.664191e-02 	1.299058e-01 	3.619760e-01 	1.000000e+00 	
2.158898e-07 	3.531309e-03 	1.283119e-02 	2.832949e-02 	5.670281e-02 	1.307880e-01 	3.639943e-01 	1.000000e+00 	
1.939368e-07 	3.675102e-03 	1.298678e-02 	2.856339e-02 	5.717217e-02 	1.312562e-01 	3.664462e-01 	1.000000e+00 	
2.072232e-07 	3.718206e-03 	1.291125e-02 	2.854997e-02 	5.735566e-02 	1.329354e-01 	3.717004e-01 	1.000000e+00 	
2.060442e-07 	3.711062e-03 	1.284788e-02 	2.870340e-02 	5.793839e-02 	1.345157e-01 	3.766535e-01 	1.000000e+00 	
2.127610e-07 	3.787146e-03 	1.309885e-02 	2.929464e-02 	5.883140e-02 	1.361188e-01 	3.780353e-01 	1.000000e+00 	
1.935959e-07 	3.772022e-03 	1.299861e-02 	2.917316e-02 	5.907985e-02 	1.362152e-01 	3.937235e-01 	1.000000e+00 	
1.936243e-07 	3.623486e-03 	1.260998e-02 	2.863181e-02 	5.806620e-02 	1.364839e-01 	3.845219e-01 	1.000000e+00 	
2.028928e-07 	3.830414e-03 	1.306813e-02 	2.962236e-02 	6.028738e-02 	1.400772e-01 	4.001384e-01 	1.000000e+00 	
2.038554e-07 	3.815562e-03 	1.321269e-02 	3.021403e-02 	6.127201e-02 	1.411106e-01 	3.936228e-01 	1.000000e+00 	
1.919339e-07 	3.732922e-03 	1.320659e-02 	3.050424e-02 	6.216949e-02 	1.444241e-01 	4.070850e-01 	1.000000e+00 	
1.920332e-07 	3.520544e-03 	1.256243e-02 	2.960441e-02 	6.110438e-02 	1.431855e-01 	4.119165e-01 	1.000000e+00 	
1.843498e-07 	3.305576e-03 	1.167026e-02 	2.808587e-02 	5.950774e-02 	1.449640e-01 	4.254437e-01 	1.000000e+00 	
1.819745e-07 	3.423669e-03 	1.207237e-02 	2.891830e-02 	6.068160e-02 	1.462307e-01 	4.222547e-01 	1.000000e+00 	
1.755030e-07 	3.551129e-03 	1.235822e-02 	2.976374e-02 	6.228059e-02 	1.488871e-01 	4.243193e-01 	1.000000e+00 	
1.867233e-07 	3.371475e-03 	1.192975e-02 	2.919736e-02 	6.194563e-02 	1.496966e-01 	4.297176e-01 	1.000000e+00 	
1.740368e-07 	3.307570e-03 	1.183694e-02 	2.908260e-02 	6.192683e-02 	1.516654e-01 	4.391917e-01 	1.000000e+00 	
1.750224e-07 	3.196259e-03 	1.157528e-02 	2.847580e-02 	6.083254e-02 	1.505357e-01 	4.386510e-01 	1.000000e+00 	
1.807006e-07 	3.285680e-03 	1.169892e-02 	2.894625e-02 	6.245502e-02 	1.536541e-01 	4.448887e-01 	1.000000e+00 	
1.796453e-07 	3.212776e-03 	1.146873e-02 	2.854006e-02 	6.205450e-02 	1.541094e-01 	4.567924e-01 	1.000000e+00 	
1.783121e-07 	3.162543e-03 	1.151058e-02 	2.908555e-02 	6.326958e-02 	1.567258e-01 	4.620933e-01 	1.000000e+00 	
1.727516e-07 	3.251186e-03 	1.161893e-02 	2.924927e-02 	6.401485e-02 	1.610489e-01 	4.737811e-01 	1.000000e+00 	
1.664180e-07 	3.245484e-03 	1.166191e-02 	2.857630e-02 	6.382880e-02 	1.635200e-01 	4.764801e-01 	1.000000e+00 	
1.757492e-07 	3.227459e-03 	1.155147e-02 	2.819334e-02 	6.368977e-02 	1.636561e-01 	4.763513e-01 	1.000000e+00 	
1.643717e-07 	3.159718e-03 	1.148285e-02 	2.819057e-02 	6.375092e-02 	1.641674e-01 	4.811146e-01 	1.000000e+00 	
1.712492e-07 	3.190372e-03 	1.158192e-02 	2.854004e-02 	6.525072e-02 	1.693139e-01 	4.906557e-01 	1.000000e+00 	
1.734689e-07 	3.168236e-03 	1.151851e-02 	2.773074e-02 	6.477034e-02 	1.711113e-01 	5.006292e-01 	1.000000e+00 	
1.684872e-07 	3.260396e-03 	1.183690e-02 	2.832809e-02 	6.631017e-02 	1.748279e-01 	5.094865e-01 	1.000000e+00 	
1.719785e-07 	3.143938e-03 	1.159135e-02 	2.792397e-02 	6.578640e-02 	1.766313e-01 	5.132683e-01 	1.000000e+00 	
1.579233e-07 	3.213266e-03 	1.164653e-02 	2.790268e-02 	6.543916e-02 	1.755398e-01 	5.210579e-01 	1.000000e+00 	
1.555937e-07 	3.244907e-03 	1.186885e-02 	2.875839e-02 	6.694265e-02 	1.785689e-01 	5.220647e-01 	1.000000e+00 	
1.450780e-07 	3.123673e-03 	1.180470e-02 	2.919636e-02 	6.858212e-02 	1.832221e-01 	5.299403e-01 	1.000000e+00 	
1.506357e-07 	2.937698e-03 	1.101222e-02 	2.702781e-02 	6.493408e-02 	1.805604e-01 	5.357840e-01 	1.000000e+00 	
1.506076e-07 	2.962301e-03 	1.115791e-02 	2.739236e-02 	6.581084e-02 	1.836631e-01 	5.442706e-01 	1.000000e+00 	
1.499346e-07 	2.906482e-03 	1.107372e-02 	2.735962e-02 	6.622282e-02 	1.864851e-01 	5.488566e-01 	1.000000e+00 	
1.477072e-07 	2.983095e-03 	1.122472e-02 	2.735494e-02 	6.597639e-02 	1.876557e-01 	5.521543e-01 	1.000000e+00 	
1.453648e-07 	2.885345e-03 	1.109264e-02 	2.730212e-02 	6.635800e-02 	1.899676e-01 	5.576448e-01 	1.000000e+00 	
1.409379e-07 	2.906986e-03 	1.120753e-02 	2.786427e-02 	6.753309e-02 	1.932874e-01 	5.630376e-01 	1.000000e+00 	
1.379182e-07 	2.889249e-03 	1.128199e-02 	2.772074e-02 	6.707874e-02 	1.942064e-01 	5.613406e-01 	1.000000e+00 	
1.345477e-07 	2.877302e-03 	1.125693e-02 	2.783132e-02 	6.749975e-02 	1.972344e-01 	5.695409e-01 	1.000000e+00 	
1.477486e-07 	3.090310e-03 	1.197857e-02 	2.922527e-02 	6.970780e-02 	2.031109e-01 	5.829885e-01 	1.000000e+00 	
1.385901e-07 	3.338496e-03 	1.250692e-02 	2.987628e-02 	7.056466e-02 	2.035291e-01 	5.811700e-01 	1.000000e+00 	
1.313302e-07 	3.074966e-03 	1.200477e-02 	2.933800e-02 	7.037712e-02 	2.079332e-01 	5.877807e-01 	1.000000e+00 	
1.358225e-07 	3.046634e-03 	1.195156e-02 	2.939606e-02 	7.073485e-02 	2.093536e-01 	5.889944e-01 	1.000000e+00 	
1.375475e-07 	3.145712e-03 	1.261531e-02 	3.186426e-02 	7.629774e-02 	2.197243e-01 	5.993308e-01 	1.000000e+00 	
1.304393e-07 	3.002191e-03 	1.205220e-02 	2.977786e-02 	7.142961e-02 	2.148270e-01 	5.973178e-01 	1.000000e+00 	
1.276820e-07 	2.519422e-03 	1.034582e-02 	2.593694e-02 	6.385774e-02 	1.957221e-01 	5.905849e-01 	1.000000e+00 	
1.391523e-07 	2.563881e-03 	1.071055e-02 	2.684651e-02 	6.559082e-02 	2.001438e-01 	5.960105e-01 	1.000000e+00 	
1.372641e-07 	2.613646e-03 	1.081134e-02 	2.722195e-02 	6.638615e-02 	2.031566e-01 	5.988538e-01 	1.000000e+00 	
1.290839e-07 	2.576514e-03 	1.066246e-02 	2.669842e-02 	6.506254e-02 	1.981719e-01 	5.972388e-01 	1.000000e+00 	
1.276290e-07 	2.636687e-03 	1.137417e-02 	2.877625e-02 	6.861116e-02 	2.050107e-01 	6.012095e-01 	1.000000e+00 	
1.308074e-07 	2.677236e-03 	1.129444e-02 	2.782392e-02 	6.702664e-02 	2.039391e-01 	6.010580e-01 	1.000000e+00 	
1.265365e-07 	2.674603e-03 	1.135830e-02 	2.812212e-02 	6.749700e-02 	2.044771e-01 	6.016318e-01 	1.000000e+00 	
1.302154e-07 	2.316532e-03 	1.011657e-02 	2.486450e-02 	6.160140e-02 	1.946025e-01 	5.968540e-01 	1.000000e+00 	
1.209937e-07 	2.292710e-03 	1.005059e-02 	2.545333e-02 	6.227595e-02 	1.952783e-01 	5.973618e-01 	1.000000e+00 	
1.348026e-07 	2.204697e-03 	9.874696e-03 	2.487513e-02 	6.131443e-02 	1.925678e-01 	5.960853e-01 	1.000000e+00 	
1.329740e-07 	2.301382e-03 	1.014938e-02 	2.534432e-02 	6.206949e-02 	1.935892e-01 	5.966667e-01 	1.000000e+00 	
1.320421e-07 	2.259504e-03 	1.017411e-02 	2.518121e-02 	6.164833e-02 	1.934738e-01 	5.966578e-01 	1.000000e+00 	
1.295067e-07 	2.252640e-03 	1.009259e-02 	2.512132e-02 	6.178195e-02 	1.950210e-01 	5.974585e-01 	1.000000e+00 	
1.342271e-07 	2.280786e-03 	1.042864e-02 	2.572636e-02 	6.271330e-02 	1.968874e-01 	5.984090e-01 	1.000000e+00 	
1.315047e-07 	2.264248e-03 	1.029629e-02 	2.556465e-02 	6.285819e-02 	1.968786e-01 	5.984177e-01 	1.000000e+00 	
1.295182e-07 	2.356196e-03 	1.077177e-02 	2.710519e-02 	6.564528e-02 	2.029780e-01 	6.014772e-01 	1.000000e+00 	
1.315389e-07 	2.370200e-03 	1.078277e-02 	2.626465e-02 	6.378258e-02 	1.994684e-01 	5.997262e-01 	1.000000e+00 	
1.356550e-07 	2.352123e-03 	1.086271e-02 	2.660643e-02 	6.429208e-02 	2.004218e-01 	6.002055e-01 	1.000000e+00 	
1.379464e-07 	2.348538e-03 	1.093239e-02 	2.673512e-02 	6.457839e-02 	2.018908e-01 	6.009419e-01 	1.000000e+00 	
1.258457e-07 	2.212870e-03 	1.054197e-02 	2.649278e-02 	6.400863e-02 	2.016819e-01 	6.008391e-01 	1.000000e+00 	
1.393030e-07 	2.371913e-03 	1.110176e-02 	2.713582e-02 	6.502151e-02 	2.019458e-01 	6.009716e-01 	1.000000e+00 	
1.312430e-07 	2.221813e-03 	1.066494e-02 	2.620030e-02 	6.367294e-02 	2.006936e-01 	6.003463e-01 	1.000000e+00 	
1.354733e-07 	2.313343e-03 	1.114228e-02 	2.700309e-02 	6.452270e-02 	2.027666e-01 	6.013831e-01 	1.000000e+00 	
1.820885e-07 	3.362446e-03 	1.957069e-02 	5.091703e-02 	1.316813e-01 	4.598089e-01 	1.000000e+00 	1.000000e+00 	
1.957256e-07 	3.539502e-03 	1.849431e-02 	4.624761e-02 	1.161575e-01 	4.098549e-01 	1.000000e+00 	1.000000e+00 	
2.100907e-07 	3.967772e-03 	1.950188e-02 	4.914966e-02 	1.177291e-01 	3.733494e-01 	1.000000e+00 	1.000000e+00 	
2.234124e-07 	3.818117e-03 	1.880976e-02 	4.610382e-02 	1.104598e-01 	3.478899e-01 	1.000000e+00 	1.000000e+00 	
2.197703e-07 	3.938064e-03 	1.914287e-02 	4.684185e-02 	1.105506e-01 	3.431368e-01 	1.000000e+00 	1.000000e+00 	
2.304998e-07 	3.614468e-03 	1.823069e-02 	4.461232e-02 	1.064510e-01 	3.340293e-01 	1.000000e+00 	1.000000e+00 	
2.105463e-07 	3.429799e-03 	1.747344e-02 	4.323420e-02 	1.053270e-01 	3.322188e-01 	1.000000e+00 	1.000000e+00 	
2.205187e-07 	3.403265e-03 	1.750830e-02 	4.273939e-02 	1.032050e-01 	3.268779e-01 	1.000000e+00 	1.000000e+00 	
2.230005e-07 	3.486390e-03 	1.770401e-02 	4.315350e-02 	1.041152e-01 	3.294664e-01 	1.000000e+00 	1.000000e+00 	
2.271963e-07 	3.304342e-03 	1.731008e-02 	4.204289e-02 	1.022456e-01 	3.269372e-01 	1.000000e+00 	1.000000e+00 	
2.141425e-07 	3.355613e-03 	1.761557e-02 	4.316427e-02 	1.042148e-01 	3.319962e-01 	1.000000e+00 	1.000000e+00 	
2.226739e-07 	3.483732e-03 	1.798514e-02 	4.474742e-02 	1.069629e-01 	3.355254e-01 	1.000000e+00 	1.000000e+00 	
2.115843e-07 	3.494738e-03 	1.801196e-02 	4.433706e-02 	1.063679e-01 	3.364342e-01 	1.000000e+00 	1.000000e+00 	
2.170770e-07 	3.641684e-03 	1.806927e-02 	4.388038e-02 	1.058919e-01 	3.329955e-01 	1.000000e+00 	1.000000e+00 	
2.163090e-07 	3.594839e-03 	1.885155e-02 	4.595031e-02 	1.085380e-01 	3.358165e-01 	1.000000e+00 	1.000000e+00 	
2.263077e-07 	3.372437e-03 	1.827661e-02 	4.447761e-02 	1.065300e-01 	3.339702e-01 	1.000000e+00 	1.000000e+00 	
2.271781e-07 	3.393587e-03 	1.830056e-02 	4.479249e-02 	1.073394e-01 	3.356307e-01 	1.000000e+00 	1.000000e+00 	
2.269481e-07 	3.425328e-03 	1.824096e-02 	4.447480e-02 	1.069484e-01 	3.371433e-01 	1.000000e+00 	1.000000e+00 	
2.255065e-07 	3.552856e-03 	1.860700e-02 	4.513829e-02 	1.078386e-01 	3.371634e-01 	1.000000e+00 	1.000000e+00 	
2.128334e-07 	3.519626e-03 	1.835667e-02 	4.620720e-02 	1.103203e-01 	3.412148e-01 	1.000000e+00 	1.000000e+00 	
2.238489e-07 	3.239093e-03 	1.738388e-02 	4.305979e-02 	1.045307e-01 	3.350608e-01 	1.000000e+00 	1.000000e+00 	
2.108752e-07 	3.275102e-03 	1.734005e-02 	4.469963e-02 	1.081992e-01 	3.402703e-01 	1.000000e+00 	1.000000e+00 	
2.187271e-07 	3.166293e-03 	1.722497e-02 	4.265243e-02 	1.040183e-01 	3.345868e-01 	1.000000e+00 	1.000000e+00 	
2.268025e-07 	3.333544e-03 	1.779629e-02 	4.432447e-02 	1.076786e-01 	3.396034e-01 	1.000000e+00 	1.000000e+00 	
2.254918e-07 	3.230620e-03 	1.758317e-02 	4.447329e-02 	1.080036e-01 	3.433461e-01 	1.000000e+00 	1.000000e+00 	
2.188848e-07 	3.250002e-03 	1.756354e-02 	4.411273e-02 	1.067532e-01 	3.392395e-01 	1.000000e+00 	1.000000e+00 	
2.230978e-07 	3.160627e-03 	1.722337e-02 	4.349783e-02 	1.058677e-01 	3.400637e-01 	1.000000e+00 	1.000000e+00 	
2.060458e-07 	2.978805e-03 	1.646389e-02 	4.277841e-02 	1.051973e-01 	3.399767e-01 	1.000000e+00 	1.000000e+00 	
2.163049e-07 	2.964891e-03 	1.639807e-02 	4.141741e-02 	1.023933e-01 	3.327939e-01 	1.000000e+00 	1.000000e+00 	
2.181418e-07 	2.909357e-03 	1.639161e-02 	4.093060e-02 	1.015088e-01 	3.357702e-01 	1.000000e+00 	1.000000e+00 	
2.076138e-07 	2.818773e-03 	1.620094e-02 	4.121051e-02 	1.030398e-01 	3.374902e-01 	1.000000e+00 	1.000000e+00 	
2.191655e-07 	2.834468e-03 	1.624630e-02 	4.055571e-02 	1.009908e-01 	3.318458e-01 	1.000000e+00 	1.000000e+00 	
2.280687e-07 	2.852228e-03 	1.603004e-02 	4.093172e-02 	1.016423e-01 	3.367120e-01 	1.000000e+00 	1.000000e+00 	
2.224379e-07 	2.875899e-03 	1.614232e-02 	4.038427e-02 	1.005944e-01 	3.362213e-01 	1.000000e+00 	1.000000e+00 	
2.185158e-07 	2.644697e-03 	1.559678e-02 	3.897907e-02 	9.804957e-02 	3.337243e-01 	1.000000e+00 	1.000000e+00 	
2.242827e-07 	2.888537e-03 	1.614252e-02 	4.045140e-02 	1.006179e-01 	3.358956e-01 	1.000000e+00 	1.000000e+00 	
2.097653e-07 	2.631296e-03 	1.580099e-02 	3.950153e-02 	9.923366e-02 	3.347959e-01 	1.000000e+00 	1.000000e+00 	
2.183569e-07 	2.606527e-03 	1.543521e-02 	3.924398e-02 	9.957774e-02 	3.362079e-01 	1.000000e+00 	1.000000e+00 	
2.177194e-07 	2.606972e-03 	1.549356e-02 	3.975991e-02 	1.006201e-01 	3.387134e-01 	1.000000e+00 	1.000000e+00 	
2.211184e-07 	2.358006e-03 	1.454472e-02 	3.809582e-02 	9.752359e-02 	3.364371e-01 	1.000000e+00 	1.000000e+00 	
2.251752e-07 	2.277647e-03 	1.427994e-02 	3.810820e-02 	9.754545e-02 	3.374154e-01 	1.000000e+00 	1.000000e+00 	
2.203511e-07 	2.138728e-03 	1.366001e-02 	3.634935e-02 	9.413004e-02 	3.332271e-01 	1.000000e+00 	1.000000e+00 	
2.112788e-07 	2.007149e-03 	1.328711e-02 	3.660321e-02 	9.567107e-02 	3.370280e-01 	1.000000e+00 	1.000000e+00 	
2.163459e-07 	1.670839e-03 	1.247429e-02 	3.404614e-02 	9.107167e-02 	3.319120e-01 	1.000000e+00 	1.000000e+00 	
2.245323e-07 	1.410287e-03 	1.201135e-02 	3.442933e-02 	9.330775e-02 	3.361735e-01 	1.000000e+00 	1.000000e+00 	
2.201816e-07 	9.192583e-04 	1.023294e-02 	3.051673e-02 	8.582790e-02 	3.278044e-01 	1.000000e+00 	1.000000e+00 	
2.174868e-07 	4.034379e-04 	8.839532e-03 	2.765061e-02 	8.162757e-02 	3.251747e-01 	1.000000e+00 	1.000000e+00 	
2.158113e-07 	6.258527e-06 	7.989981e-03 	2.760831e-02 	8.283463e-02 	3.286357e-01 	1.000000e+00 	1.000000e+00 	
1.822838e-07 	1.822838e-07 	1.363847e-02 	4.270963e-02 	1.201390e-01 	4.328986e-01 	1.000000e+00 	1.000000e+00 	
5.715971e-07 	5.635948e-04 	1.974011e-02 	4.341794e-02 	1.541535e-01 	1.000000e+00 	1.000000e+00 	1.000000e+00 	
1.830181e-07 	3.190006e-04 	1.388595e-02 	3.075840e-02 	1.087578e-01 	1.000000e+00 	1.000000e+00 	1.000000e+00 	
1.953154e-07 	7.285263e-04 	9.660786e-02 	2.056124e-01 	3.934608e-01 	1.000000e+00 	1.000000e+00 	1.000000e+00 	
2.085921e-07 	6.362058e-04 	7.377547e-02 	1.485317e-01 	2.658172e-01 	4.541792e-01 	1.000000e+00 	1.000000e+00 	
2.556401e-07 	2.101361e-04 	1.885857e-02 	3.897821e-02 	8.838244e-02 	2.318967e-01 	1.000000e+00 	1.000000e+00 	
2.911892e-07 	1.121370e-03 	1.532354e-02 	3.213128e-02 	6.963936e-02 	1.829289e-01 	1.000000e+00 	1.000000e+00 	
1.928919e-07 	8.892318e-04 	1.407590e-02 	2.924010e-02 	6.259459e-02 	1.625458e-01 	1.000000e+00 	1.000000e+00 	
2.606431e-07 	1.053519e-03 	1.468255e-02 	3.045615e-02 	6.431577e-02 	1.610871e-01 	1.000000e+00 	1.000000e+00 	
2.359942e-07 	9.125896e-04 	1.325910e-02 	2.761817e-02 	5.846143e-02 	1.464804e-01 	1.000000e+00 	1.000000e+00 	
2.938184e-07 	9.790029e-04 	1.375570e-02 	2.872574e-02 	6.094410e-02 	1.497519e-01 	1.000000e+00 	1.000000e+00 	
3.232836e-07 	1.003472e-03 	1.375733e-02 	2.870532e-02 	6.081547e-02 	1.489138e-01 	1.000000e+00 	1.000000e+00 	
2.725891e-07 	9.022700e-04 	1.308809e-02 	2.740229e-02 	5.856332e-02 	1.461367e-01 	1.000000e+00 	1.000000e+00 	
2.475632e-07 	1.211327e-03 	1.420146e-02 	2.971922e-02 	6.300260e-02 	1.563220e-01 	1.000000e+00 	1.000000e+00 	
2.010984e-07 	9.896052e-04 	1.116579e-02 	2.345551e-02 	4.958966e-02 	1.200298e-01 	3.542202e-01 	1.000000e+00 	
2.017141e-07 	8.104874e-04 	1.074955e-02 	2.275335e-02 	4.850035e-02 	1.179118e-01 	3.546550e-01 	1.000000e+00 	
2.062283e-07 	8.113023e-04 	1.058055e-02 	2.239062e-02 	4.769092e-02 	1.164413e-01 	3.510710e-01 	1.000000e+00 	
2.046949e-07 	1.020813e-03 	1.114482e-02 	2.352026e-02 	4.947516e-02 	1.194689e-01 	3.556854e-01 	1.000000e+00 	
2.026608e-07 	9.146081e-04 	1.080526e-02 	2.300139e-02 	4.872897e-02 	1.186190e-01 	3.568159e-01 	1.000000e+00 	
2.078994e-07 	9.752560e-04 	1.090349e-02 	2.335417e-02 	4.946446e-02 	1.201827e-01 	3.490670e-01 	1.000000e+00 	
2.075462e-07 	1.003486e-03 	1.103772e-02 	2.374619e-02 	5.007613e-02 	1.211773e-01 	3.520137e-01 	1.000000e+00 	
2.150826e-07 	1.232639e-03 	1.163984e-02 	2.504186e-02 	5.220442e-02 	1.248327e-01 	3.571133e-01 	1.000000e+00 	
2.040086e-07 	1.154689e-03 	1.097873e-02 	2.386146e-02 	5.015267e-02 	1.214104e-01 	3.531088e-01 	1.000000e+00 	
2.047608e-07 	1.218736e-03 	1.096597e-02 	2.394862e-02 	5.021206e-02 	1.214778e-01 	3.579459e-01 	1.000000e+00 	
2.148944e-07 	1.423031e-03 	1.121212e-02 	2.471630e-02 	5.136750e-02 	1.235860e-01 	3.602383e-01 	1.000000e+00 	
2.068765e-07 	1.569572e-03 	1.139186e-02 	2.510426e-02 	5.195932e-02 	1.247654e-01 	3.628389e-01 	1.000000e+00 	
2.015269e-07 	1.683959e-03 	1.143383e-02 	2.538110e-02 	5.202276e-02 	1.240311e-01 	3.588341e-01 	1.000000e+00 	
2.063951e-07 	1.812768e-03 	1.179734e-02 	2.631538e-02 	5.373352e-02 	1.275866e-01 	3.658327e-01 	1.000000e+00 	
2.038037e-07 	1.995849e-03 	1.189806e-02 	2.659026e-02 	5.405261e-02 	1.283928e-01 	3.675754e-01 	1.000000e+00 	
2.041379e-07 	2.145081e-03 	1.191655e-02 	2.706440e-02 	5.426027e-02 	1.280439e-01 	3.709292e-01 	1.000000e+00 	
1.955531e-07 	2.274087e-03 	1.183213e-02 	2.673758e-02 	5.401919e-02 	1.278636e-01 	3.653819e-01 	1.000000e+00 	
2.077512e-07 	2.641556e-03 	1.244928e-02 	2.805160e-02 	5.630846e-02 	1.327046e-01 	3.757822e-01 	1.000000e+00 	
2.118389e-07 	2.783775e-03 	1.252752e-02 	2.832476e-02 	5.688022e-02 	1.342355e-01 	3.777231e-01 	1.000000e+00 	
2.017081e-07 	3.000206e-03 	1.281794e-02 	2.881743e-02 	5.759109e-02 	1.340687e-01 	3.772779e-01 	1.000000e+00 	
1.893689e-07 	2.908707e-03 	1.248547e-02 	2.824911e-02 	5.703357e-02 	1.343925e-01 	3.800209e-01 	1.000000e+00 	
2.063391e-07 	3.272951e-03 	1.303320e-02 	2.927746e-02 	5.848909e-02 	1.365752e-01 	3.833739e-01 	1.000000e+00 	
1.837732e-07 	3.193426e-03 	1.266546e-02 	2.876583e-02 	5.805523e-02 	1.361454e-01 	3.840514e-01 	1.000000e+00 	
1.948781e-07 	3.276291e-03 	1.271970e-02 	2.907874e-02 	5.854860e-02 	1.370229e-01 	3.821685e-01 	1.000000e+00 	
1.781275e-07 	3.186522e-03 	1.252860e-02 	2.888319e-02 	5.845360e-02 	1.380256e-01 	3.896435e-01 	1.000000e+00 	
1.846127e-07 	3.426966e-03 	1.326073e-02 	3.092891e-02 	6.254274e-02 	1.454464e-01 	4.008853e-01 	1.000000e+00 	
1.881003e-07 	3.181528e-03 	1.250152e-02 	2.965062e-02 	6.101428e-02 	1.425687e-01 	4.016332e-01 	1.000000e+00 	
1.824897e-07 	3.291568e-03 	1.266844e-02 	2.984675e-02 	6.109100e-02 	1.432645e-01 	4.056123e-01 	1.000000e+00 	
1.803230e-07 	3.256092e-03 	1.290950e-02 	3.071838e-02 	6.297437e-02 	1.481768e-01 	4.140820e-01 	1.000000e+00 	
1.739083e-07 	3.274345e-03 	1.303338e-02 	3.154992e-02 	6.455702e-02 	1.510400e-01 	4.209003e-01 	1.000000e+00 	
1.720108e-07 	3.040635e-03 	1.222412e-02 	3.000969e-02 	6.252902e-02 	1.479466e-01 	4.179126e-01 	1.000000e+00 	
1.805538e-07 	3.114915e-03 	1.244774e-02 	3.084040e-02 	6.387146e-02 	1.510927e-01 	4.213390e-01 	1.000000e+00 	
1.836308e-07 	3.023481e-03 	1.200229e-02 	3.025336e-02 	6.347328e-02 	1.519866e-01 	4.330430e-01 	1.000000e+00 	
1.758912e-07 	3.057692e-03 	1.201055e-02 	3.033085e-02 	6.462699e-02 	1.549443e-01 	4.435994e-01 	1.000000e+00 	
1.777541e-07 	3.046883e-03 	1.204604e-02 	3.124668e-02 	6.617091e-02 	1.583353e-01 	4.457571e-01 	1.000000e+00 	
1.710482e-07 	3.159602e-03 	1.241587e-02 	3.134851e-02 	6.694005e-02 	1.622175e-01 	4.466903e-01 	1.000000e+00 	
1.757730e-07 	3.070052e-03 	1.227546e-02 	3.159520e-02 	6.818464e-02 	1.634420e-01 	4.574203e-01 	1.000000e+00 	
1.700991e-07 	3.157209e-03 	1.263326e-02 	3.304430e-02 	7.046967e-02 	1.704924e-01 	4.629182e-01 	1.000000e+00 	
1.736094e-07 	3.020108e-03 	1.194919e-02 	3.128684e-02 	6.789081e-02 	1.655666e-01 	4.589596e-01 	1.000000e+00 	
1.549756e-07 	2.856045e-03 	1.176048e-02 	3.149584e-02 	6.887549e-02 	1.722947e-01 	4.811577e-01 	1.000000e+00 	
1.637989e-07 	3.154930e-03 	1.254486e-02 	3.352848e-02 	7.260778e-02 	1.779649e-01 	4.839497e-01 	1.000000e+00 	
1.695869e-07 	3.080885e-03 	1.236271e-02 	3.198222e-02 	7.249398e-02 	1.790642e-01 	4.876206e-01 	1.000000e+00 	
1.562648e-07 	3.068259e-03 	1.243962e-02 	3.224243e-02 	7.345180e-02 	1.840463e-01 	5.009091e-01 	1.000000e+00 	
1.506538e-07 	3.076953e-03 	1.243225e-02 	3.190606e-02 	7.308442e-02 	1.855654e-01 	5.110061e-01 	1.000000e+00 	
1.630566e-07 	2.932574e-03 	1.191683e-02 	3.062318e-02 	7.073267e-02 	1.794637e-01 	5.026078e-01 	1.000000e+00 	
1.509289e-07 	3.003787e-03 	1.224396e-02 	3.088428e-02 	7.154483e-02 	1.812775e-01 	5.042755e-01 	1.000000e+00 	
1.595347e-07 	3.013771e-03 	1.237048e-02 	3.146073e-02 	7.398886e-02 	1.895300e-01 	5.204133e-01 	1.000000e+00 	
1.546001e-07 	2.936628e-03 	1.201505e-02 	3.063276e-02 	7.193602e-02 	1.859837e-01 	5.217617e-01 	1.000000e+00 	
1.626531e-07 	3.220693e-03 	1.283203e-02 	3.222971e-02 	7.551234e-02 	1.919508e-01 	5.271106e-01 	1.000000e+00 	
1.504389e-07 	2.941231e-03 	1.223204e-02 	3.068548e-02 	7.276941e-02 	1.906472e-01 	5.390291e-01 	1.000000e+00 	
1.520528e-07 	2.966855e-03 	1.228435e-02 	3.095963e-02 	7.362368e-02 	1.935205e-01 	5.415157e-01 	1.000000e+00 	
1.449627e-07 	2.995654e-03 	1.254536e-02 	3.217041e-02 	7.637316e-02 	1.998157e-01 	5.485487e-01 	1.000000e+00 	
1.526248e-07 	2.912233e-03 	1.239573e-02 	3.164125e-02 	7.521914e-02 	1.977619e-01 	5.498773e-01 	1.000000e+00 	
1.439059e-07 	2.822858e-03 	1.197167e-02 	3.042948e-02 	7.344798e-02 	1.970549e-01 	5.517959e-01 	1.000000e+00 	
1.445320e-07 	2.832539e-03 	1.198055e-02 	3.017049e-02 	7.313321e-02 	1.985471e-01 	5.628055e-01 	1.000000e+00 	
1.441986e-07 	2.904880e-03 	1.230821e-02 	3.127090e-02 	7.551045e-02 	2.040848e-01 	5.691580e-01 	1.000000e+00 	
1.441793e-07 	2.927560e-03 	1.259536e-02 	3.154960e-02 	7.588055e-02 	2.053264e-01 	5.710405e-01 	1.000000e+00 	
1.446251e-07 	2.873846e-03 	1.237962e-02 	3.084073e-02 	7.484292e-02 	2.066119e-01 	5.790843e-01 	1.000000e+00 	
1.425356e-07 	2.833465e-03 	1.234743e-02 	3.078769e-02 	7.492997e-02 	2.074552e-01 	5.787863e-01 	1.000000e+00 	
1.312504e-07 	2.830153e-03 	1.224527e-02 	3.090580e-02 	7.532646e-02 	2.100672e-01 	5.795369e-01 	1.000000e+00 	
1.336307e-07 	2.861702e-03 	1.241737e-02 	3.101048e-02 	7.540113e-02 	2.114225e-01 	5.855734e-01 	1.000000e+00 	
1.386748e-07 	3.078025e-03 	1.324718e-02 	3.274208e-02 	7.847370e-02 	2.176079e-01 	5.924731e-01 	1.000000e+00 	
1.283226e-07 	3.200621e-03 	1.392454e-02 	3.554317e-02 	8.409157e-02 	2.275983e-01 	6.005733e-01 	1.000000e+00 	
1.303627e-07 	2.994823e-03 	1.310954e-02 	3.234495e-02 	7.891248e-02 	2.213898e-01 	5.931639e-01 	1.000000e+00 	
1.305922e-07 	3.007931e-03 	1.329220e-02 	3.275567e-02 	8.046911e-02 	2.286112e-01 	6.071570e-01 	1.000000e+00 	
1.373775e-07 	2.559618e-03 	1.177944e-02 	2.917693e-02 	7.182317e-02 	2.107897e-01 	5.985021e-01 	1.000000e+00 	
1.252172e-07 	2.444991e-03 	1.139514e-02 	2.866999e-02 	7.133400e-02 	2.094989e-01 	6.011125e-01 	1.000000e+00 	
1.273290e-07 	2.457194e-03 	1.160081e-02 	2.901598e-02 	7.180424e-02 	2.112386e-01 	6.027991e-01 	1.000000e+00 	
1.264012e-07 	2.582124e-03 	1.236292e-02 	3.087780e-02 	7.434920e-02 	2.150525e-01 	6.054653e-01 	1.000000e+00 	
1.295064e-07 	2.617066e-03 	1.226620e-02 	3.032173e-02 	7.372141e-02 	2.130518e-01 	6.049836e-01 	1.000000e+00 	
1.210650e-07 	2.553383e-03 	1.221461e-02 	3.112304e-02 	7.618139e-02 	2.205719e-01 	6.092536e-01 	1.000000e+00 	
1.310015e-07 	2.629069e-03 	1.262762e-02 	3.114259e-02 	7.552196e-02 	2.187599e-01 	6.086214e-01 	1.000000e+00 	
1.277893e-07 	2.109929e-03 	1.057380e-02 	2.687856e-02 	6.727415e-02 	2.066119e-01 	6.028116e-01 	1.000000e+00 	
1.275317e-07 	2.095984e-03 	1.049229e-02 	2.608050e-02 	6.509667e-02 	2.012525e-01 	6.002899e-01 	1.000000e+00 	
1.213480e-07 	1.974210e-03 	1.019493e-02 	2.565915e-02 	6.446163e-02 	1.997245e-01 	5.996401e-01 	1.000000e+00 	
1.221189e-07 	2.015450e-03 	1.051016e-02 	2.621343e-02 	6.498631e-02 	1.997617e-01 	5.997394e-01 	1.000000e+00 	
1.254554e-07 	2.023595e-03 	1.053022e-02 	2.639681e-02 	6.597435e-02 	2.019342e-01 	6.008716e-01 	1.000000e+00 	
1.330720e-07 	2.074593e-03 	1.081450e-02 	2.666843e-02 	6.694987e-02 	2.058071e-01 	6.028419e-01 	1.000000e+00 	
1.153901e-07 	2.030635e-03 	1.050223e-02 	2.592746e-02 	6.578920e-02 	2.036228e-01 	6.017776e-01 	1.000000e+00 	
1.263851e-07 	2.081183e-03 	1.093598e-02 	2.678593e-02 	6.685265e-02 	2.057514e-01 	6.028521e-01 	1.000000e+00 	
1.293533e-07 	2.100698e-03 	1.120057e-02 	2.709008e-02 	6.731081e-02 	2.084953e-01 	6.042330e-01 	1.000000e+00 	
1.230427e-07 	2.112643e-03 	1.127821e-02 	2.725740e-02 	6.816453e-02 	2.094787e-01 	6.047301e-01 	1.000000e+00 	
1.189088e-07 	2.039286e-03 	1.118587e-02 	2.697351e-02 	6.714722e-02 	2.071851e-01 	6.035869e-01 	1.000000e+00 	
1.240181e-07 	2.035509e-03 	1.129730e-02 	2.698695e-02 	6.715256e-02 	2.059824e-01 	6.029876e-01 	1.000000e+00 	
1.264422e-07 	2.037363e-03 	1.139497e-02 	2.725032e-02 	6.767251e-02 	2.103343e-01 	6.051648e-01 	1.000000e+00 	
1.146583e-07 	2.066946e-03 	1.144474e-02 	2.751754e-02 	6.814191e-02 	2.126543e-01 	6.063261e-01 	1.000000e+00 	
1.264662e-07 	2.010560e-03 	1.140004e-02 	2.724942e-02 	6.747655e-02 	2.093285e-01 	6.046637e-01 	1.000000e+00 	
1.220617e-07 	2.138276e-03 	1.179653e-02 	2.864067e-02 	7.008806e-02 	2.142087e-01 	6.071041e-01 	1.000000e+00 	
1.707920e-07 	2.780665e-03 	1.897773e-02 	4.642384e-02 	1.294622e-01 	4.699720e-01 	1.000000e+00 	1.000000e+00 	
1.911554e-07 	3.129595e-03 	1.888500e-02 	4.559304e-02 	1.174915e-01 	4.154095e-01 	1.000000e+00 	1.000000e+00 	
1.950856e-07 	3.435067e-03 	1.974578e-02 	4.702030e-02 	1.164932e-01 	3.763866e-01 	1.000000e+00 	1.000000e+00 	
2.089116e-07 	3.559227e-03 	2.029639e-02 	4.849027e-02 	1.168290e-01 	3.610022e-01 	1.000000e+00 	1.000000e+00 	
2.047737e-07 	3.300748e-03 	1.955671e-02 	4.651476e-02 	1.123135e-01 	3.506984e-01 	1.000000e+00 	1.000000e+00 	
1.909553e-07 	3.197164e-03 	1.905447e-02 	4.583461e-02 	1.117069e-01 	3.514988e-01 	1.000000e+00 	1.000000e+00 	
2.160783e-07 	3.257381e-03 	1.966010e-02 	4.651583e-02 	1.126362e-01 	3.463688e-01 	1.000000e+00 	1.000000e+00 	
2.161846e-07 	3.329243e-03 	1.978781e-02 	4.804833e-02 	1.158043e-01 	3.502323e-01 	1.000000e+00 	1.000000e+00 	
2.156914e-07 	3.278294e-03 	2.011387e-02 	4.792793e-02 	1.157663e-01 	3.530094e-01 	1.000000e+00 	1.000000e+00 	
2.175034e-07 	3.190557e-03 	1.931060e-02 	4.585776e-02 	1.118111e-01 	3.471419e-01 	1.000000e+00 	1.000000e+00 	
2.357869e-07 	3.258811e-03 	2.001265e-02 	4.717624e-02 	1.139063e-01 	3.492622e-01 	1.000000e+00 	1.000000e+00 	
2.272730e-07 	3.256595e-03 	1.974685e-02 	4.680370e-02 	1.134017e-01 	3.495827e-01 	1.000000e+00 	1.000000e+00 	
2.093526e-07 	3.243499e-03 	1.974320e-02 	4.644717e-02 	1.130537e-01 	3.519116e-01 	1.000000e+00 	1.000000e+00 	
2.173162e-07 	3.571375e-03 	2.260111e-02 	5.189925e-02 	1.206077e-01 	3.576534e-01 	1.000000e+00 	1.000000e+00 	
2.202898e-07 	3.351269e-03 	2.110861e-02 	4.891250e-02 	1.164034e-01 	3.550775e-01 	1.000000e+00 	1.000000e+00 	
2.181470e-07 	3.200871e-03 	2.024928e-02 	4.699563e-02 	1.132525e-01 	3.476434e-01 	1.000000e+00 	1.000000e+00 	
2.244586e-07 	3.170478e-03 	2.050295e-02 	4.756480e-02 	1.146986e-01 	3.524337e-01 	1.000000e+00 	1.000000e+00 	
2.097236e-07 	3.313214e-03 	2.167766e-02 	5.229228e-02 	1.233643e-01 	3.614171e-01 	1.000000e+00 	1.000000e+00 	
2.097932e-07 	3.211304e-03 	2.040155e-02 	4.852202e-02 	1.155199e-01 	3.562156e-01 	1.000000e+00 	1.000000e+00 	
2.212515e-07 	3.393334e-03 	2.119700e-02 	5.063207e-02 	1.209838e-01 	3.582670e-01 	1.000000e+00 	1.000000e+00 	
2.109222e-07 	3.219516e-03 	2.017386e-02 	4.825942e-02 	1.157598e-01 	3.528450e-01 	1.000000e+00 	1.000000e+00 	
2.245854e-07 	3.229537e-03 	2.042559e-02 	4.839927e-02 	1.156008e-01 	3.539571e-01 	1.000000e+00 	1.000000e+00 	
2.223048e-07 	3.075365e-03 	1.959239e-02 	4.581191e-02 	1.115950e-01 	3.496490e-01 	1.000000e+00 	1.000000e+00 	
2.104626e-07 	3.320258e-03 	2.130155e-02 	4.918806e-02 	1.186603e-01 	3.645844e-01 	1.000000e+00 	1.000000e+00 	
2.269449e-07 	3.002935e-03 	1.927330e-02 	4.547545e-02 	1.111277e-01 	3.482395e-01 	1.000000e+00 	1.000000e+00 	
2.263663e-07 	3.139927e-03 	1.991367e-02 	4.703099e-02 	1.142955e-01 	3.543377e-01 	1.000000e+00 	1.000000e+00 	
2.084314e-07 	2.997035e-03 	1.948896e-02 	4.667217e-02 	1.127687e-01 	3.533869e-01 	1.000000e+00 	1.000000e+00 	
2.294259e-07 	2.959135e-03 	1.915729e-02 	4.547038e-02 	1.111858e-01 	3.503079e-01 	1.000000e+00 	1.000000e+00 	
2.249758e-07 	2.986778e-03 	1.924578e-02 	4.539741e-02 	1.114154e-01 	3.523170e-01 	1.000000e+00 	1.000000e+00 	
2.072712e-07 	2.874438e-03 	1.918938e-02 	4.633569e-02 	1.121049e-01 	3.562394e-01 	1.000000e+00 	1.000000e+00 	
2.208861e-07 	2.957665e-03 	1.917866e-02 	4.524101e-02 	1.110421e-01 	3.513425e-01 	1.000000e+00 	1.000000e+00 	
2.148441e-07 	2.888579e-03 	1.929193e-02 	4.579768e-02 	1.125186e-01 	3.582702e-01 	1.000000e+00 	1.000000e+00 	
2.157450e-07 	2.770598e-03 	1.857198e-02 	4.421543e-02 	1.091640e-01 	3.490686e-01 	1.000000e+00 	1.000000e+00 	
2.121175e-07 	2.751164e-03 	1.850555e-02 	4.387798e-02 	1.088508e-01 	3.512235e-01 	1.000000e+00 	1.000000e+00 	
2.277941e-07 	2.724873e-03 	1.846977e-02 	4.454833e-02 	1.099635e-01 	3.538900e-01 	1.000000e+00 	1.000000e+00 	
2.077139e-07 	2.740370e-03 	1.815960e-02 	4.311892e-02 	1.075106e-01 	3.489691e-01 	1.000000e+00 	1.000000e+00 	
2.160520e-07 	2.639075e-03 	1.801399e-02 	4.335062e-02 	1.073554e-01 	3.493250e-01 	1.000000e+00 	1.000000e+00 	
2.197481e-07 	2.539628e-03 	1.770049e-02 	4.205406e-02 	1.062370e-01 	3.487949e-01 	1.000000e+00 	1.000000e+00 	
2.188245e-07 	2.598103e-03 	1.785236e-02 	4.274387e-02 	1.075376e-01 	3.483340e-01 	1.000000e+00 	1.000000e+00 	
2.322239e-07 	2.444389e-03 	1.704407e-02 	4.141272e-02 	1.049489e-01 	3.453625e-01 	1.000000e+00 	1.000000e+00 	
2.246950e-07 	2.299978e-03 	1.644790e-02 	3.988224e-02 	1.027189e-01 	3.423840e-01 	1.000000e+00 	1.000000e+00 	
2.247390e-07 	2.256829e-03 	1.640258e-02 	4.015299e-02 	1.032507e-01 	3.455832e-01 	1.000000e+00 	1.000000e+00 	
2.426111e-07 	2.239786e-03 	1.654535e-02 	4.078074e-02 	1.043946e-01 	3.485824e-01 	1.000000e+00 	1.000000e+00 	
2.415129e-07 	1.920993e-03 	1.571041e-02 	4.005974e-02 	1.039595e-01 	3.507199e-01 	1.000000e+00 	1.000000e+00 	
2.212445e-07 	1.625705e-03 	1.489396e-02 	3.841092e-02 	1.013205e-01 	3.498190e-01 	1.000000e+00 	1.000000e+00 	
2.382766e-07 	1.104650e-03 	1.325818e-02 	3.591137e-02 	9.806391e-02 	3.446213e-01 	1.000000e+00 	1.000000e+00 	
2.394527e-07 	5.483467e-04 	1.224777e-02 	3.455542e-02 	9.726593e-02 	3.501670e-01 	1.000000e+00 	1.000000e+00 	
2.418310e-07 	2.660140e-06 	1.039849e-02 	3.128253e-02 	9.148900e-02 	3.407355e-01 	1.000000e+00 	1.000000e+00 	
1.983179e-07 	1.983179e-07 	1.857862e-02 	5.027794e-02 	1.377107e-01 	4.439111e-01 	1.000000e+00 	1.000000e+00 	
2.453470e-07 	3.979528e-04 	1.797044e-02 	3.912941e-02 	1.429384e-01 	1.000000e+00 	1.000000e+00 	1.000000e+00 	
3.904915e-07 	4.439889e-04 	1.134886e-02 	2.742422e-02 	9.736282e-02 	1.000000e+00 	1.000000e+00 	1.000000e+00 	
2.514438e-07 	6.185517e-04 	4.631041e-02 	1.085337e-01 	2.458142e-01 	1.000000e+00 	1.000000e+00 	1.000000e+00 	
2.083842e-07 	4.461505e-04 	3.723638e-02 	7.884674e-02 	1.569060e-01 	3.218660e-01 	1.000000e+00 	1.000000e+00 	
2.435823e-07 	2.058271e-04 	1.505412e-02 	3.176143e-02 	7.466213e-02 	2.077380e-01 	1.000000e+00 	1.000000e+00 	
3.004488e-07 	2.179456e-03 	1.546620e-02 	3.342884e-02 	7.084283e-02 	1.788106e-01 	1.000000e+00 	1.000000e+00 	
3.224862e-07 	2.522809e-03 	1.658321e-02 	3.495492e-02 	7.132782e-02 	1.677754e-01 	1.000000e+00 	1.000000e+00 	
2.884003e-07 	2.313835e-03 	1.551738e-02 	3.275852e-02 	6.752402e-02 	1.595191e-01 	1.000000e+00 	1.000000e+00 	
2.962534e-07 	2.334180e-03 	1.505145e-02 	3.187449e-02 	6.525010e-02 	1.525183e-01 	1.000000e+00 	1.000000e+00 	
2.962740e-07 	2.274792e-03 	1.470467e-02 	3.142608e-02 	6.504577e-02 	1.518626e-01 	1.000000e+00 	1.000000e+00 	
2.562816e-07 	1.965680e-03 	1.351270e-02 	2.892676e-02 	6.056882e-02 	1.446546e-01 	1.000000e+00 	1.000000e+00 	
2.695678e-07 	2.241995e-03 	1.436365e-02 	3.082481e-02 	6.411616e-02 	1.498686e-01 	1.000000e+00 	1.000000e+00 	
3.071729e-07 	2.824762e-03 	1.643437e-02 	3.511048e-02 	7.216660e-02 	1.642939e-01 	1.000000e+00 	1.000000e+00 	
2.237667e-07 	2.059772e-03 	1.280728e-02 	2.751480e-02 	5.662102e-02 	1.272315e-01 	3.432059e-01 	1.000000e+00 	
2.168470e-07 	1.929722e-03 	1.244463e-02 	2.670926e-02 	5.510365e-02 	1.249076e-01 	3.391520e-01 	1.000000e+00 	
2.195612e-07 	1.929723e-03 	1.235120e-02 	2.675046e-02 	5.526070e-02 	1.256496e-01 	3.429377e-01 	1.000000e+00 	
2.158395e-07 	1.996083e-03 	1.231148e-02 	2.660373e-02 	5.506993e-02 	1.259363e-01 	3.456026e-01 	1.000000e+00 	
2.239861e-07 	1.987205e-03 	1.241913e-02 	2.698652e-02 	5.583032e-02 	1.270371e-01 	3.454466e-01 	1.000000e+00 	
2.179720e-07 	2.179284e-03 	1.264499e-02 	2.746970e-02 	5.643818e-02 	1.276823e-01 	3.465589e-01 	1.000000e+00 	
2.161592e-07 	2.002932e-03 	1.257658e-02 	2.740337e-02 	5.644761e-02 	1.282023e-01 	3.466498e-01 	1.000000e+00 	
2.233755e-07 	2.094146e-03 	1.248781e-02 	2.740661e-02 	5.650508e-02 	1.285671e-01 	3.502028e-01 	1.000000e+00 	
2.140342e-07 	2.307931e-03 	1.268538e-02 	2.782466e-02 	5.703925e-02 	1.294269e-01 	3.539723e-01 	1.000000e+00 	
2.177239e-07 	2.430452e-03 	1.274904e-02 	2.812710e-02 	5.744864e-02 	1.302002e-01 	3.551169e-01 	1.000000e+00 	
2.096023e-07 	2.427613e-03 	1.253191e-02 	2.776077e-02 	5.677035e-02 	1.293822e-01 	3.549428e-01 	1.000000e+00 	
2.256861e-07 	2.580720e-03 	1.288284e-02 	2.864407e-02 	5.820398e-02 	1.317370e-01 	3.585068e-01 	1.000000e+00 	
2.062133e-07 	2.680567e-03 	1.311908e-02 	2.886285e-02 	5.811874e-02 	1.307450e-01 	3.569086e-01 	1.000000e+00 	
2.236394e-07 	2.896801e-03 	1.335708e-02 	2.972771e-02 	5.964484e-02 	1.337911e-01 	3.617382e-01 	1.000000e+00 	
2.103482e-07 	2.822032e-03 	1.294798e-02 	2.918602e-02 	5.870924e-02 	1.326967e-01 	3.619847e-01 	1.000000e+00 	
2.132642e-07 	3.004892e-03 	1.304516e-02 	2.930335e-02 	5.879139e-02 	1.333511e-01 	3.681703e-01 	1.000000e+00 	
2.149216e-07 	3.268098e-03 	1.351621e-02 	3.031620e-02 	6.048582e-02 	1.360505e-01 	3.725761e-01 	1.000000e+00 	
2.183961e-07 	3.216537e-03 	1.322039e-02 	3.010328e-02 	6.057084e-02 	1.374270e-01 	3.769239e-01 	1.000000e+00 	
2.087043e-07 	3.431516e-03 	1.327714e-02 	2.997203e-02 	6.019011e-02 	1.364991e-01 	3.796406e-01 	1.000000e+00 	
2.158693e-07 	3.630490e-03 	1.367532e-02 	3.071302e-02 	6.138459e-02 	1.393348e-01 	3.812573e-01 	1.000000e+00 	
2.064411e-07 	3.678162e-03 	1.349051e-02 	3.065259e-02 	6.168234e-02 	1.404241e-01 	3.852400e-01 	1.000000e+00 	
2.180550e-07 	3.921719e-03 	1.403642e-02 	3.164327e-02 	6.330682e-02 	1.432423e-01 	3.896000e-01 	1.000000e+00 	
2.050071e-07 	3.834863e-03 	1.379637e-02 	3.151103e-02 	6.344212e-02 	1.441897e-01 	3.934886e-01 	1.000000e+00 	
2.032128e-07 	3.925462e-03 	1.390220e-02 	3.168779e-02 	6.363773e-02 	1.453090e-01 	3.991712e-01 	1.000000e+00 	
2.037653e-07 	3.780255e-03 	1.355427e-02 	3.141674e-02 	6.368136e-02 	1.458660e-01 	3.993705e-01 	1.000000e+00 	
2.082228e-07 	3.982053e-03 	1.416894e-02 	3.271930e-02 	6.578487e-02 	1.497817e-01 	4.121058e-01 	1.000000e+00 	
1.980168e-07 	3.567471e-03 	1.313386e-02 	3.131794e-02 	6.393686e-02 	1.470697e-01 	4.152704e-01 	1.000000e+00 	
1.848833e-07 	3.558635e-03 	1.314558e-02 	3.131369e-02 	6.440615e-02 	1.506572e-01 	4.203615e-01 	1.000000e+00 	
1.945424e-07 	3.593003e-03 	1.317013e-02 	3.178258e-02 	6.554366e-02 	1.523751e-01 	4.288224e-01 	1.000000e+00 	
1.897716e-07 	3.652344e-03 	1.366242e-02 	3.303032e-02 	6.794773e-02 	1.580843e-01 	4.427723e-01 	1.000000e+00 	
2.058990e-07 	3.520668e-03 	1.329346e-02 	3.258950e-02 	6.740270e-02 	1.577971e-01 	4.402711e-01 	1.000000e+00 	
1.870230e-07 	3.680613e-03 	1.314978e-02 	3.264300e-02 	6.806498e-02 	1.588594e-01 	4.377001e-01 	1.000000e+00 	
1.930466e-07 	3.445109e-03 	1.247100e-02 	3.202430e-02 	6.773985e-02 	1.601858e-01 	4.463664e-01 	1.000000e+00 	
1.862339e-07 	3.292802e-03 	1.217001e-02 	3.133069e-02 	6.692223e-02 	1.606262e-01 	4.579109e-01 	1.000000e+00 	
1.797880e-07 	3.255061e-03 	1.203914e-02 	3.130666e-02 	6.705048e-02 	1.625143e-01 	4.642157e-01 	1.000000e+00 	
1.850317e-07 	3.425491e-03 	1.236955e-02 	3.205248e-02 	6.901163e-02 	1.671558e-01 	4.699126e-01 	1.000000e+00 	
1.871071e-07 	3.284664e-03 	1.213333e-02 	3.196481e-02 	6.880581e-02 	1.683397e-01 	4.736372e-01 	1.000000e+00 	
1.827399e-07 	3.266476e-03 	1.221561e-02 	3.239320e-02 	6.992907e-02 	1.716722e-01 	4.842656e-01 	1.000000e+00 	
1.736208e-07 	3.246015e-03 	1.205189e-02 	3.227229e-02 	7.011034e-02 	1.715671e-01 	4.826791e-01 	1.000000e+00 	
1.717877e-07 	3.233217e-03 	1.208630e-02 	3.247269e-02 	7.092153e-02 	1.741634e-01 	4.878811e-01 	1.000000e+00 	
1.754097e-07 	3.235608e-03 	1.210432e-02 	3.252412e-02 	7.119039e-02 	1.760089e-01 	4.966753e-01 	1.000000e+00 	
1.605785e-07 	3.230197e-03 	1.214022e-02 	3.182795e-02 	7.065503e-02 	1.761267e-01 	5.067630e-01 	1.000000e+00 	
1.667510e-07 	3.316511e-03 	1.249649e-02 	3.297218e-02 	7.331877e-02 	1.820486e-01 	5.087306e-01 	1.000000e+00 	
1.755148e-07 	3.204374e-03 	1.228674e-02 	3.282005e-02 	7.353124e-02 	1.857200e-01 	5.190167e-01 	1.000000e+00 	
1.532505e-07 	3.032061e-03 	1.170788e-02 	3.142968e-02 	7.150269e-02 	1.840246e-01 	5.320848e-01 	1.000000e+00 	
1.532355e-07 	3.069000e-03 	1.166459e-02 	2.963513e-02 	6.937169e-02 	1.823467e-01 	5.304563e-01 	1.000000e+00 	
1.556957e-07 	3.154083e-03 	1.184704e-02 	3.042045e-02 	7.114453e-02 	1.853156e-01 	5.265627e-01 	1.000000e+00 	
1.487554e-07 	3.054096e-03 	1.176938e-02 	3.083594e-02 	7.269273e-02 	1.901669e-01 	5.449789e-01 	1.000000e+00 	
1.460936e-07 	3.205879e-03 	1.224382e-02 	3.190071e-02 	7.415903e-02 	1.928291e-01 	5.409601e-01 	1.000000e+00 	
1.549942e-07 	3.247129e-03 	1.249486e-02 	3.297518e-02 	7.719581e-02 	2.011101e-01 	5.522257e-01 	1.000000e+00 	
1.552378e-07 	3.040178e-03 	1.205763e-02 	3.197030e-02 	7.592963e-02 	2.017769e-01 	5.587094e-01 	1.000000e+00 	
1.528293e-07 	3.041150e-03 	1.189409e-02 	3.166531e-02 	7.521463e-02 	2.011831e-01 	5.616333e-01 	1.000000e+00 	
1.486043e-07 	3.088591e-03 	1.235124e-02 	3.306044e-02 	7.796404e-02 	2.095836e-01 	5.666558e-01 	1.000000e+00 	
1.567328e-07 	3.070553e-03 	1.207015e-02 	3.192538e-02 	7.610367e-02 	2.058073e-01 	5.675755e-01 	1.000000e+00 	
1.439401e-07 	3.009069e-03 	1.195106e-02 	3.231888e-02 	7.722259e-02 	2.089422e-01 	5.720740e-01 	1.000000e+00 	
1.458563e-07 	3.023893e-03 	1.197947e-02 	3.196806e-02 	7.640100e-02 	2.094911e-01 	5.794404e-01 	1.000000e+00 	
1.488017e-07 	3.111295e-03 	1.226617e-02 	3.252701e-02 	7.751408e-02 	2.135174e-01 	5.826514e-01 	1.000000e+00 	
1.470855e-07 	3.075116e-03 	1.212396e-02 	3.260031e-02 	7.826637e-02 	2.176607e-01 	5.914968e-01 	1.000000e+00 	
1.504307e-07 	3.060212e-03 	1.224732e-02 	3.303925e-02 	7.893627e-02 	2.182562e-01 	5.938444e-01 	1.000000e+00 	
1.382552e-07 	3.107700e-03 	1.261662e-02 	3.492188e-02 	8.400441e-02 	2.298977e-01 	5.989460e-01 	1.000000e+00 	
1.419654e-07 	3.302258e-03 	1.300048e-02 	3.455012e-02 	8.145507e-02 	2.233739e-01 	5.955737e-01 	1.000000e+00 	
1.323670e-07 	3.375359e-03 	1.334431e-02 	3.645308e-02 	8.689735e-02 	2.351828e-01 	6.008195e-01 	1.000000e+00 	
1.393819e-07 	3.294848e-03 	1.306691e-02 	3.504617e-02 	8.268285e-02 	2.306540e-01 	6.069461e-01 	1.000000e+00 	
1.357266e-07 	3.205454e-03 	1.285018e-02 	3.550865e-02 	8.529776e-02 	2.399386e-01 	6.096553e-01 	1.000000e+00 	
1.399636e-07 	3.290403e-03 	1.323187e-02 	3.606721e-02 	8.550682e-02 	2.397236e-01 	6.137739e-01 	1.000000e+00 	
1.322748e-07 	2.897744e-03 	1.192047e-02 	3.325586e-02 	8.031831e-02 	2.300317e-01 	6.113636e-01 	1.000000e+00 	
1.323831e-07 	2.790504e-03 	1.162655e-02 	3.202824e-02 	7.655650e-02 	2.190271e-01 	6.076412e-01 	1.000000e+00 	
1.326976e-07 	2.840128e-03 	1.184764e-02 	3.262955e-02 	7.768146e-02 	2.191548e-01 	6.082452e-01 	1.000000e+00 	
1.383550e-07 	2.897016e-03 	1.187142e-02 	3.246681e-02 	7.722425e-02 	2.208945e-01 	6.094591e-01 	1.000000e+00 	
1.428425e-07 	2.948984e-03 	1.218961e-02 	3.286264e-02 	7.756050e-02 	2.209025e-01 	6.097426e-01 	1.000000e+00 	
1.384446e-07 	2.917720e-03 	1.244202e-02 	3.380513e-02 	7.983160e-02 	2.262887e-01 	6.126932e-01 	1.000000e+00 	
1.337970e-07 	3.069437e-03 	1.274764e-02 	3.473719e-02 	8.175199e-02 	2.327473e-01 	6.160878e-01 	1.000000e+00 	
1.364515e-07 	2.532540e-03 	1.113008e-02 	3.129911e-02 	7.493235e-02 	2.189387e-01 	6.092868e-01 	1.000000e+00 	
1.445048e-07 	2.578689e-03 	1.130982e-02 	3.136637e-02 	7.433387e-02 	2.147638e-01 	6.072562e-01 	1.000000e+00 	
1.420072e-07 	2.416111e-03 	1.079368e-02 	3.018505e-02 	7.191913e-02 	2.095936e-01 	6.047234e-01 	1.000000e+00 	
1.482697e-07 	2.576186e-03 	1.132084e-02 	3.111410e-02 	7.336311e-02 	2.124810e-01 	6.061939e-01 	1.000000e+00 	
1.352143e-07 	2.500382e-03 	1.120318e-02 	3.135376e-02 	7.425508e-02 	2.148029e-01 	6.073760e-01 	1.000000e+00 	
1.395918e-07 	2.476638e-03 	1.105455e-02 	3.027146e-02 	7.214733e-02 	2.119293e-01 	6.059498e-01 	1.000000e+00 	
1.467836e-07 	2.618913e-03 	1.170144e-02 	3.227419e-02 	7.556992e-02 	2.173064e-01 	6.086422e-01 	1.000000e+00 	
1.359740e-07 	2.511576e-03 	1.138497e-02 	3.134691e-02 	7.407852e-02 	2.154978e-01 	6.077434e-01 	1.000000e+00 	
1.334948e-07 	2.421729e-03 	1.095538e-02 	3.005756e-02 	7.124605e-02 	2.105472e-01 	6.052717e-01 	1.000000e+00 	
1.420137e-07 	2.573288e-03 	1.163802e-02 	3.168737e-02 	7.423098e-02 	2.154457e-01 	6.077216e-01 	1.000000e+00 	
1.407520e-07 	2.549018e-03 	1.166144e-02 	3.181318e-02 	7.451410e-02 	2.165654e-01 	6.082816e-01 	1.000000e+00 	
1.354688e-07 	2.508475e-03 	1.152988e-02 	3.207155e-02 	7.512082e-02 	2.171357e-01 	6.085670e-01 	1.000000e+00 	
1.399632e-07 	2.571964e-03 	1.169351e-02 	3.227901e-02 	7.561162e-02 	2.183420e-01 	6.091707e-01 	1.000000e+00 	
1.457262e-07 	2.757139e-03 	1.239532e-02 	3.374318e-02 	7.763911e-02 	2.215839e-01 	6.107918e-01 	1.000000e+00 	
1.427487e-07 	2.487111e-03 	1.166400e-02 	3.232216e-02 	7.555932e-02 	2.182445e-01 	6.091220e-01 	1.000000e+00 	
2.314230e-07 	4.185053e-03 	1.943907e-02 	5.325714e-02 	1.242056e-01 	3.598232e-01 	1.000000e+00 	1.000000e+00 	
1.780456e-07 	4.313333e-03 	2.212163e-02 	6.602270e-02 	1.626208e-01 	4.893062e-01 	1.000000e+00 	1.000000e+00 	
1.950837e-07 	4.311739e-03 	2.101383e-02 	6.043828e-02 	1.432679e-01 	4.381446e-01 	1.000000e+00 	1.000000e+00 	
2.224269e-07 	4.578434e-03 	2.110208e-02 	5.833789e-02 	1.356581e-01 	3.930525e-01 	1.000000e+00 	1.000000e+00 	
2.129571e-07 	4.480192e-03 	2.039064e-02 	5.623921e-02 	1.306236e-01 	3.736279e-01 	1.000000e+00 	1.000000e+00 	
2.273309e-07 	4.561166e-03 	2.083078e-02 	5.648626e-02 	1.300230e-01 	3.676967e-01 	1.000000e+00 	1.000000e+00 	
2.318257e-07 	4.249829e-03 	2.023027e-02 	5.614332e-02 	1.293824e-01 	3.651580e-01 	1.000000e+00 	1.000000e+00 	
2.403210e-07 	4.270023e-03 	2.019465e-02 	5.609572e-02 	1.294883e-01 	3.643499e-01 	1.000000e+00 	1.000000e+00 	
2.196104e-07 	4.187092e-03 	1.980051e-02 	5.450335e-02 	1.268979e-01 	3.626906e-01 	1.000000e+00 	1.000000e+00 	
2.417464e-07 	4.295591e-03 	2.052692e-02 	5.697261e-02 	1.313558e-01 	3.664459e-01 	1.000000e+00 	1.000000e+00 	
2.183327e-07 	3.988064e-03 	1.942178e-02 	5.395633e-02 	1.259801e-01 	3.606152e-01 	1.000000e+00 	1.000000e+00 	
2.138949e-07 	4.031277e-03 	1.951598e-02 	5.448587e-02 	1.268116e-01 	3.615127e-01 	1.000000e+00 	1.000000e+00 	
2.099719e-07 	4.043849e-03 	1.972014e-02 	5.456624e-02 	1.274580e-01 	3.646702e-01 	1.000000e+00 	1.000000e+00 	
2.290862e-07 	4.146002e-03 	2.005489e-02 	5.547025e-02 	1.286537e-01 	3.655357e-01 	1.000000e+00 	1.000000e+00 	
2.250314e-07 	4.311376e-03 	2.042115e-02 	5.622071e-02 	1.292783e-01 	3.659861e-01 	1.000000e+00 	1.000000e+00 	
2.237120e-07 	4.128606e-03 	2.066249e-02 	5.645373e-02 	1.298763e-01 	3.679508e-01 	1.000000e+00 	1.000000e+00 	
2.117454e-07 	4.026127e-03 	2.039214e-02 	5.644984e-02 	1.300318e-01 	3.693360e-01 	1.000000e+00 	1.000000e+00 	
2.181511e-07 	4.006345e-03 	2.006990e-02 	5.617805e-02 	1.303073e-01 	3.665167e-01 	1.000000e+00 	1.000000e+00 	
2.180748e-07 	4.086504e-03 	2.017432e-02 	5.631826e-02 	1.302679e-01 	3.673998e-01 	1.000000e+00 	1.000000e+00 	
2.165013e-07 	4.215497e-03 	2.070640e-02 	5.768850e-02 	1.331593e-01 	3.738274e-01 	1.000000e+00 	1.000000e+00 	
2.191380e-07 	4.053177e-03 	2.027202e-02 	5.647296e-02 	1.311464e-01 	3.700525e-01 	1.000000e+00 	1.000000e+00 	
2.201897e-07 	3.864109e-03 	1.947358e-02 	5.574543e-02 	1.300154e-01 	3.692410e-01 	1.000000e+00 	1.000000e+00 	
2.299769e-07 	3.868671e-03 	1.945489e-02 	5.423591e-02 	1.268808e-01 	3.666627e-01 	1.000000e+00 	1.000000e+00 	
2.112736e-07 	3.641513e-03 	1.877441e-02 	5.291116e-02 	1.240521e-01 	3.650447e-01 	1.000000e+00 	1.000000e+00 	
2.195228e-07 	3.780622e-03 	1.919925e-02 	5.364018e-02 	1.254968e-01 	3.653444e-01 	1.000000e+00 	1.000000e+00 	
2.134442e-07 	3.547229e-03 	1.882535e-02 	5.395742e-02 	1.265506e-01 	3.726678e-01 	1.000000e+00 	1.000000e+00 	
2.231033e-07 	3.644838e-03 	1.880515e-02 	5.352761e-02 	1.261513e-01 	3.676979e-01 	1.000000e+00 	1.000000e+00 	
2.137231e-07 	3.539255e-03 	1.843255e-02 	5.301338e-02 	1.254739e-01 	3.670705e-01 	1.000000e+00 	1.000000e+00 	
2.266470e-07 	3.423729e-03 	1.814921e-02 	5.249688e-02 	1.247386e-01 	3.672588e-01 	1.000000e+00 	1.000000e+00 	
2.160606e-07 	3.480952e-03 	1.828348e-02 	5.347716e-02 	1.268589e-01 	3.707025e-01 	1.000000e+00 	1.000000e+00 	
2.325402e-07 	3.548331e-03 	1.859159e-02 	5.366260e-02 	1.272483e-01 	3.704256e-01 	1.000000e+00 	1.000000e+00 	
2.288909e-07 	3.320062e-03 	1.780107e-02 	5.144414e-02 	1.230504e-01 	3.658265e-01 	1.000000e+00 	1.000000e+00 	
2.262836e-07 	3.359180e-03 	1.782029e-02 	5.132565e-02 	1.229888e-01 	3.655969e-01 	1.000000e+00 	1.000000e+00 	
2.193282e-07 	3.220615e-03 	1.742102e-02 	4.984343e-02 	1.204862e-01 	3.627408e-01 	1.000000e+00 	1.000000e+00 	
2.277178e-07 	3.320353e-03 	1.758323e-02 	5.118436e-02 	1.221665e-01 	3.655452e-01 	1.000000e+00 	1.000000e+00 	
2.248250e-07 	3.116750e-03 	1.721440e-02 	4.990262e-02 	1.205770e-01 	3.661393e-01 	1.000000e+00 	1.000000e+00 	
2.299516e-07 	3.499633e-03 	1.875899e-02 	5.328920e-02 	1.262241e-01 	3.727890e-01 	1.000000e+00 	1.000000e+00 	
2.331428e-07 	3.124580e-03 	1.762653e-02 	5.076428e-02 	1.226837e-01 	3.708612e-01 	1.000000e+00 	1.000000e+00 	
2.150024e-07 	2.888557e-03 	1.660979e-02 	4.840951e-02 	1.188239e-01 	3.662607e-01 	1.000000e+00 	1.000000e+00 	
2.355357e-07 	2.824073e-03 	1.631061e-02 	4.876390e-02 	1.201543e-01 	3.679065e-01 	1.000000e+00 	1.000000e+00 	
2.094147e-07 	2.634856e-03 	1.554465e-02 	4.663143e-02 	1.162147e-01 	3.625074e-01 	1.000000e+00 	1.000000e+00 	
2.225273e-07 	2.460262e-03 	1.493136e-02 	4.627456e-02 	1.165525e-01 	3.646484e-01 	1.000000e+00 	1.000000e+00 	
2.208735e-07 	2.388084e-03 	1.471901e-02 	4.590149e-02 	1.161079e-01 	3.647620e-01 	1.000000e+00 	1.000000e+00 	
2.186756e-07 	2.173199e-03 	1.411180e-02 	4.472748e-02 	1.143912e-01 	3.636261e-01 	1.000000e+00 	1.000000e+00 	
2.217267e-07 	1.757406e-03 	1.283088e-02 	4.245047e-02 	1.102858e-01 	3.597601e-01 	1.000000e+00 	1.000000e+00 	
2.321462e-07 	1.378020e-03 	1.165026e-02 	4.023790e-02 	1.073634e-01 	3.577747e-01 	1.000000e+00 	1.000000e+00 	
2.291813e-07 	8.738682e-04 	1.056434e-02 	3.781629e-02 	1.038821e-01 	3.573452e-01 	1.000000e+00 	1.000000e+00 	
2.286905e-07 	3.716220e-04 	9.186267e-03 	3.633251e-02 	1.023493e-01 	3.534043e-01 	1.000000e+00 	1.000000e+00 	
2.274592e-07 	8.415990e-06 	8.752175e-03 	3.593196e-02 	1.017732e-01 	3.588487e-01 	1.000000e+00 	1.000000e+00 	
2.016739e-07 	2.016739e-07 	1.491963e-02 	5.633377e-02 	1.503848e-01 	4.664084e-01 	1.000000e+00 	1.000000e+00 	
1.541017e-07 	3.900314e-04 	1.991610e-02 	4.277648e-02 	1.442714e-01 	1.000000e+00 	1.000000e+00 	1.000000e+00 	
3.515522e-07 	5.899045e-04 	1.368979e-02 	3.278751e-02 	1.073148e-01 	1.000000e+00 	1.000000e+00 	1.000000e+00 	
2.352547e-07 	8.005716e-04 	4.382159e-02 	1.043931e-01 	2.374300e-01 	1.000000e+00 	1.000000e+00 	1.000000e+00 	
2.545605e-07 	6.376741e-04 	4.099239e-02 	8.610051e-02 	1.690900e-01 	3.343019e-01 	1.000000e+00 	1.000000e+00 	
3.001595e-07 	3.646938e-04 	1.819537e-02 	3.831386e-02 	8.610195e-02 	2.210498e-01 	1.000000e+00 	1.000000e+00 	
3.164982e-07 	1.548309e-03 	1.471558e-02 	3.146245e-02 	6.701722e-02 	1.701434e-01 	1.000000e+00 	1.000000e+00 	
2.853531e-07 	1.579144e-03 	1.462121e-02 	3.085181e-02 	6.431345e-02 	1.546146e-01 	1.000000e+00 	1.000000e+00 	
2.531242e-07 	1.520264e-03 	1.387627e-02 	2.925559e-02 	6.120391e-02 	1.469798e-01 	1.000000e+00 	1.000000e+00 	
2.736689e-07 	1.450172e-03 	1.370616e-02 	2.907541e-02 	6.056294e-02 	1.435916e-01 	1.000000e+00 	1.000000e+00 	
3.366334e-07 	1.437761e-03 	1.349832e-02 	2.866063e-02 	6.005775e-02 	1.418065e-01 	1.000000e+00 	1.000000e+00 	
2.690762e-07 	1.380899e-03 	1.264416e-02 	2.707121e-02 	5.731107e-02 	1.374347e-01 	1.000000e+00 	1.000000e+00 	
2.669800e-07 	1.383490e-03 	1.274215e-02 	2.725892e-02 	5.771493e-02 	1.382868e-01 	1.000000e+00 	1.000000e+00 	
2.971456e-07 	1.659558e-03 	1.405172e-02 	3.012283e-02 	6.317641e-02 	1.479018e-01 	1.000000e+00 	1.000000e+00 	
2.307211e-07 	1.236665e-03 	1.107530e-02 	2.376127e-02 	5.001617e-02 	1.155682e-01 	3.189760e-01 	1.000000e+00 	
2.386509e-07 	1.206142e-03 	1.083284e-02 	2.345676e-02 	4.957400e-02 	1.152269e-01 	3.183235e-01 	1.000000e+00 	
2.216759e-07 	1.145399e-03 	1.060342e-02 	2.294434e-02 	4.853816e-02 	1.138853e-01 	3.199375e-01 	1.000000e+00 	
2.416613e-07 	1.247697e-03 	1.090182e-02 	2.363713e-02 	4.963892e-02 	1.156154e-01 	3.199960e-01 	1.000000e+00 	
2.348344e-07 	1.289710e-03 	1.106047e-02 	2.414567e-02 	5.063758e-02 	1.173075e-01 	3.256857e-01 	1.000000e+00 	
2.369011e-07 	1.314327e-03 	1.097729e-02 	2.398979e-02 	5.035190e-02 	1.172461e-01 	3.228881e-01 	1.000000e+00 	
2.330654e-07 	1.451997e-03 	1.094638e-02 	2.401342e-02 	5.014215e-02 	1.162630e-01 	3.217097e-01 	1.000000e+00 	
2.294996e-07 	1.472928e-03 	1.105637e-02 	2.423928e-02 	5.047154e-02 	1.174517e-01 	3.252835e-01 	1.000000e+00 	
2.329471e-07 	1.544905e-03 	1.084601e-02 	2.394649e-02 	4.994664e-02 	1.164356e-01 	3.247319e-01 	1.000000e+00 	
2.277222e-07 	1.686966e-03 	1.101993e-02 	2.440703e-02 	5.067251e-02 	1.176574e-01 	3.285544e-01 	1.000000e+00 	
2.309412e-07 	1.696956e-03 	1.087756e-02 	2.426707e-02 	5.031746e-02 	1.172285e-01 	3.288713e-01 	1.000000e+00 	
2.251868e-07 	1.965430e-03 	1.122691e-02 	2.514616e-02 	5.163060e-02 	1.193335e-01 	3.323167e-01 	1.000000e+00 	
2.361161e-07 	1.950791e-03 	1.108801e-02 	2.493055e-02 	5.123837e-02 	1.189491e-01 	3.341531e-01 	1.000000e+00 	
2.158365e-07 	2.151027e-03 	1.152632e-02 	2.597744e-02 	5.305154e-02 	1.219215e-01 	3.383926e-01 	1.000000e+00 	
2.336391e-07 	2.267234e-03 	1.158523e-02 	2.619538e-02 	5.352881e-02 	1.234652e-01 	3.420759e-01 	1.000000e+00 	
2.361301e-07 	2.543829e-03 	1.154416e-02 	2.609332e-02 	5.282064e-02 	1.220462e-01 	3.405050e-01 	1.000000e+00 	
2.292208e-07 	2.726352e-03 	1.180556e-02 	2.668061e-02 	5.370758e-02 	1.234118e-01 	3.440712e-01 	1.000000e+00 	
2.195839e-07 	2.896751e-03 	1.196930e-02 	2.687399e-02 	5.401456e-02 	1.239760e-01 	3.485332e-01 	1.000000e+00 	
2.206577e-07 	2.867006e-03 	1.181997e-02 	2.678851e-02 	5.425819e-02 	1.250132e-01 	3.504437e-01 	1.000000e+00 	
2.053288e-07 	3.067407e-03 	1.174768e-02 	2.673853e-02 	5.415793e-02 	1.255314e-01 	3.549691e-01 	1.000000e+00 	
2.207455e-07 	3.134144e-03 	1.193350e-02 	2.698194e-02 	5.472192e-02 	1.273935e-01 	3.576077e-01 	1.000000e+00 	
2.093460e-07 	3.258470e-03 	1.199636e-02 	2.729599e-02 	5.556335e-02 	1.295489e-01 	3.619066e-01 	1.000000e+00 	
2.312472e-07 	3.475415e-03 	1.228987e-02 	2.774504e-02 	5.607584e-02 	1.298627e-01 	3.629379e-01 	1.000000e+00 	
2.150146e-07 	3.387770e-03 	1.207952e-02 	2.770893e-02 	5.627190e-02 	1.313111e-01 	3.679487e-01 	1.000000e+00 	
2.241843e-07 	3.370611e-03 	1.199610e-02 	2.762130e-02 	5.649400e-02 	1.324492e-01 	3.747102e-01 	1.000000e+00 	
2.171192e-07 	3.434608e-03 	1.218668e-02 	2.808566e-02 	5.728407e-02 	1.335118e-01 	3.744760e-01 	1.000000e+00 	
2.214655e-07 	3.353210e-03 	1.205813e-02 	2.823132e-02 	5.783772e-02 	1.357181e-01 	3.880499e-01 	1.000000e+00 	
2.240303e-07 	3.266810e-03 	1.181424e-02 	2.801544e-02 	5.777405e-02 	1.367573e-01 	3.901960e-01 	1.000000e+00 	
2.007704e-07 	3.359290e-03 	1.209200e-02 	2.885793e-02 	5.989381e-02 	1.432334e-01 	4.166224e-01 	1.000000e+00 	
2.207240e-07 	3.235593e-03 	1.171184e-02 	2.812002e-02 	5.855432e-02 	1.402105e-01 	4.029648e-01 	1.000000e+00 	
2.019284e-07 	3.037609e-03 	1.136736e-02 	2.816881e-02 	5.936473e-02 	1.443980e-01 	4.163382e-01 	1.000000e+00 	
2.134417e-07 	3.058620e-03 	1.101317e-02 	2.744583e-02 	5.873510e-02 	1.431193e-01 	4.189479e-01 	1.000000e+00 	
1.988563e-07 	3.029177e-03 	1.089374e-02 	2.710888e-02 	5.819091e-02 	1.420665e-01 	4.202763e-01 	1.000000e+00 	
2.129103e-07 	3.026945e-03 	1.094146e-02 	2.758508e-02 	5.940069e-02 	1.456604e-01 	4.280544e-01 	1.000000e+00 	
1.967954e-07 	2.876755e-03 	1.048683e-02 	2.677008e-02 	5.810464e-02 	1.435908e-01 	4.325788e-01 	1.000000e+00 	
2.044838e-07 	2.890583e-03 	1.054646e-02 	2.705218e-02 	5.940602e-02 	1.482526e-01 	4.461299e-01 	1.000000e+00 	
1.893841e-07 	2.796067e-03 	1.036291e-02 	2.676566e-02 	5.919276e-02 	1.502695e-01 	4.473385e-01 	1.000000e+00 	
1.848404e-07 	2.728059e-03 	1.013720e-02 	2.631239e-02 	5.835207e-02 	1.488854e-01 	4.512482e-01 	1.000000e+00 	
1.848640e-07 	2.698644e-03 	1.016105e-02 	2.688846e-02 	6.007395e-02 	1.558533e-01 	4.646887e-01 	1.000000e+00 	
2.011708e-07 	2.751815e-03 	1.027922e-02 	2.702065e-02 	6.046771e-02 	1.558396e-01 	4.638972e-01 	1.000000e+00 	
1.789868e-07 	2.749954e-03 	1.027134e-02 	2.718148e-02 	6.086931e-02 	1.576899e-01 	4.738394e-01 	1.000000e+00 	
1.871632e-07 	2.739695e-03 	1.025842e-02 	2.628296e-02 	6.043894e-02 	1.589506e-01 	4.830638e-01 	1.000000e+00 	
1.750895e-07 	2.788125e-03 	1.036512e-02 	2.655250e-02 	6.125103e-02 	1.636724e-01 	4.963950e-01 	1.000000e+00 	
1.755528e-07 	2.736869e-03 	1.024667e-02 	2.651919e-02 	6.145508e-02 	1.649714e-01 	5.000131e-01 	1.000000e+00 	
1.714245e-07 	2.698050e-03 	1.023301e-02 	2.651199e-02 	6.145721e-02 	1.659504e-01 	5.014575e-01 	1.000000e+00 	
1.766059e-07 	2.621184e-03 	1.002592e-02 	2.562975e-02 	6.152666e-02 	1.687822e-01 	5.135995e-01 	1.000000e+00 	
1.590656e-07 	2.562070e-03 	9.799557e-03 	2.490347e-02 	5.987262e-02 	1.687321e-01 	5.198446e-01 	1.000000e+00 	
1.613249e-07 	2.620884e-03 	9.992461e-03 	2.533849e-02 	6.102742e-02 	1.681728e-01 	5.176945e-01 	1.000000e+00 	
1.613924e-07 	2.677177e-03 	1.012528e-02 	2.560991e-02 	6.180426e-02 	1.728430e-01 	5.343217e-01 	1.000000e+00 	
1.587258e-07 	2.575644e-03 	9.948141e-03 	2.543661e-02 	6.187149e-02 	1.742756e-01 	5.336162e-01 	1.000000e+00 	
1.595223e-07 	2.538637e-03 	9.978595e-03 	2.580783e-02 	6.298768e-02 	1.785936e-01 	5.436590e-01 	1.000000e+00 	
1.574072e-07 	2.540867e-03 	1.003392e-02 	2.627126e-02 	6.447809e-02 	1.826506e-01 	5.450711e-01 	1.000000e+00 	
1.477814e-07 	2.451989e-03 	9.691505e-03 	2.515949e-02 	6.220238e-02 	1.792862e-01 	5.479543e-01 	1.000000e+00 	
1.428631e-07 	2.449817e-03 	9.895271e-03 	2.620853e-02 	6.465442e-02 	1.891409e-01 	5.623604e-01 	1.000000e+00 	
1.505235e-07 	2.406871e-03 	9.682725e-03 	2.499187e-02 	6.193350e-02 	1.846967e-01 	5.617423e-01 	1.000000e+00 	
1.441563e-07 	2.467523e-03 	9.858704e-03 	2.564454e-02 	6.338811e-02 	1.881379e-01 	5.643207e-01 	1.000000e+00 	
1.397725e-07 	2.418624e-03 	9.715589e-03 	2.521804e-02 	6.268799e-02 	1.898620e-01 	5.735113e-01 	1.000000e+00 	
1.387645e-07 	2.415058e-03 	9.761947e-03 	2.582963e-02 	6.398003e-02 	1.908989e-01 	5.756486e-01 	1.000000e+00 	
1.373724e-07 	2.357997e-03 	9.566475e-03 	2.541183e-02 	6.340381e-02 	1.924278e-01 	5.788792e-01 	1.000000e+00 	
1.398355e-07 	2.489073e-03 	1.004648e-02 	2.602493e-02 	6.481391e-02 	1.984919e-01 	5.830871e-01 	1.000000e+00 	
1.385988e-07 	2.501985e-03 	1.032284e-02 	2.797463e-02 	7.000679e-02 	2.121736e-01 	5.950678e-01 	1.000000e+00 	
1.460346e-07 	2.593137e-03 	1.061000e-02 	2.745072e-02 	6.758951e-02 	2.045815e-01 	5.916829e-01 	1.000000e+00 	
1.381485e-07 	2.863403e-03 	1.166830e-02 	3.146967e-02 	7.740003e-02 	2.212614e-01 	5.956650e-01 	1.000000e+00 	
1.345933e-07 	2.525778e-03 	1.046355e-02 	2.716348e-02 	6.690390e-02 	2.102106e-01 	5.999414e-01 	1.000000e+00 	
1.323592e-07 	2.548312e-03 	1.050244e-02 	2.756739e-02 	6.820617e-02 	2.084588e-01 	5.997429e-01 	1.000000e+00 	
1.431181e-07 	2.281302e-03 	9.750777e-03 	2.591367e-02 	6.461595e-02 	2.024810e-01 	5.980674e-01 	1.000000e+00 	
1.433457e-07 	2.199066e-03 	9.632687e-03 	2.559237e-02 	6.320513e-02 	1.962203e-01 	5.957667e-01 	1.000000e+00 	
1.400535e-07 	2.276710e-03 	9.934556e-03 	2.614337e-02 	6.422952e-02 	1.979775e-01 	5.973008e-01 	1.000000e+00 	
1.432665e-07 	2.306447e-03 	1.001877e-02 	2.665860e-02 	6.510044e-02 	1.994853e-01 	5.985266e-01 	1.000000e+00 	
1.350358e-07 	2.348543e-03 	1.027811e-02 	2.737378e-02 	6.677614e-02 	2.030617e-01 	6.007507e-01 	1.000000e+00 	
1.436359e-07 	2.267436e-03 	1.013437e-02 	2.664991e-02 	6.519229e-02 	2.009002e-01 	5.998995e-01 	1.000000e+00 	
1.394414e-07 	2.394766e-03 	1.054748e-02 	2.777672e-02 	6.735604e-02 	2.052009e-01 	6.022499e-01 	1.000000e+00 	
1.433697e-07 	2.103520e-03 	9.599176e-03 	2.593601e-02 	6.385400e-02 	2.012233e-01 	6.003955e-01 	1.000000e+00 	
1.511234e-07 	2.053918e-03 	9.356653e-03 	2.484393e-02 	6.132496e-02 	1.926027e-01 	5.961504e-01 	1.000000e+00 	
1.459409e-07 	2.009460e-03 	9.328981e-03 	2.455587e-02 	6.047719e-02 	1.915896e-01 	5.957075e-01 	1.000000e+00 	
1.408348e-07 	1.986193e-03 	9.156374e-03 	2.439808e-02 	5.981873e-02 	1.889982e-01 	5.944451e-01 	1.000000e+00 	
1.494475e-07 	1.997814e-03 	9.366474e-03 	2.483384e-02 	6.098356e-02 	1.919628e-01 	5.959450e-01 	1.000000e+00 	
1.376760e-07 	2.008280e-03 	9.430394e-03 	2.525198e-02 	6.219569e-02 	1.946798e-01 	5.973220e-01 	1.000000e+00 	
1.475934e-07 	2.043430e-03 	9.588845e-03 	2.569645e-02 	6.261795e-02 	1.946470e-01 	5.973144e-01 	1.000000e+00 	
1.461694e-07 	2.058066e-03 	9.710913e-03 	2.533716e-02 	6.186096e-02 	1.950134e-01 	5.975024e-01 	1.000000e+00 	
1.470819e-07 	2.037526e-03 	9.796392e-03 	2.555857e-02 	6.203092e-02 	1.945260e-01 	5.972597e-01 	1.000000e+00 	
1.425035e-07 	2.112044e-03 	1.004650e-02 	2.672767e-02 	6.444535e-02 	1.988581e-01 	5.994275e-01 	1.000000e+00 	
1.454831e-07 	2.057422e-03 	9.904928e-03 	2.602533e-02 	6.307465e-02 	1.964686e-01 	5.982333e-01 	1.000000e+00 	
1.414949e-07 	2.011209e-03 	9.801069e-03 	2.560860e-02 	6.220597e-02 	1.965809e-01 	5.982896e-01 	1.000000e+00 	
1.468591e-07 	2.009767e-03 	9.840001e-03 	2.603886e-02 	6.307687e-02 	1.973453e-01 	5.986721e-01 	1.000000e+00 	
2.340085e-07 	3.518552e-03 	1.712521e-02 	4.495491e-02 	1.079551e-01 	3.335906e-01 	1.000000e+00 	1.000000e+00 	
1.378620e-07 	1.965498e-03 	9.916825e-03 	2.624602e-02 	6.344890e-02 	1.992887e-01 	5.996443e-01 	1.000000e+00 	
1.394744e-07 	2.011081e-03 	9.990408e-03 	2.601252e-02 	6.266136e-02 	1.958895e-01 	5.979447e-01 	1.000000e+00 	
1.744661e-07 	3.134458e-03 	1.908886e-02 	5.608144e-02 	1.474666e-01 	4.995891e-01 	1.000000e+00 	1.000000e+00 	
2.034562e-07 	3.123663e-03 	1.712633e-02 	4.768342e-02 	1.204412e-01 	4.199077e-01 	1.000000e+00 	1.000000e+00 	
2.200721e-07 	3.378767e-03 	1.724925e-02 	4.571228e-02 	1.119124e-01 	3.630325e-01 	1.000000e+00 	1.000000e+00 	
2.277181e-07 	3.353376e-03 	1.712941e-02 	4.527513e-02 	1.090735e-01 	3.439067e-01 	1.000000e+00 	1.000000e+00 	
2.317882e-07 	3.270299e-03 	1.696828e-02 	4.485611e-02 	1.077004e-01 	3.379615e-01 	1.000000e+00 	1.000000e+00 	
2.422750e-07 	3.136977e-03 	1.649069e-02 	4.306220e-02 	1.040326e-01 	3.287393e-01 	1.000000e+00 	1.000000e+00 	
2.294071e-07 	2.977475e-03 	1.585937e-02 	4.187528e-02 	1.017925e-01 	3.232977e-01 	1.000000e+00 	1.000000e+00 	
2.385054e-07 	3.061932e-03 	1.622004e-02 	4.231158e-02 	1.032061e-01 	3.254430e-01 	1.000000e+00 	1.000000e+00 	
2.136157e-07 	2.980794e-03 	1.560783e-02 	4.101166e-02 	1.012816e-01 	3.254182e-01 	1.000000e+00 	1.000000e+00 	
2.332880e-07 	2.907935e-03 	1.573201e-02 	4.202147e-02 	1.025632e-01 	3.259729e-01 	1.000000e+00 	1.000000e+00 	
2.310145e-07 	2.845174e-03 	1.542437e-02 	4.159924e-02 	1.022477e-01 	3.267956e-01 	1.000000e+00 	1.000000e+00 	
2.323225e-07 	2.962112e-03 	1.575635e-02 	4.172977e-02 	1.021912e-01 	3.254836e-01 	1.000000e+00 	1.000000e+00 	
2.419699e-07 	3.042287e-03 	1.626836e-02 	4.345174e-02 	1.051279e-01 	3.297026e-01 	1.000000e+00 	1.000000e+00 	
2.286956e-07 	3.130614e-03 	1.645900e-02 	4.369733e-02 	1.062744e-01 	3.317573e-01 	1.000000e+00 	1.000000e+00 	
2.278537e-07 	2.982832e-03 	1.630111e-02 	4.289436e-02 	1.042772e-01 	3.299086e-01 	1.000000e+00 	1.000000e+00 	
2.352678e-07 	2.997311e-03 	1.633370e-02 	4.280391e-02 	1.040923e-01 	3.298184e-01 	1.000000e+00 	1.000000e+00 	
2.208781e-07 	2.790573e-03 	1.588378e-02 	4.180957e-02 	1.019489e-01 	3.277930e-01 	1.000000e+00 	1.000000e+00 	
2.315545e-07 	2.937500e-03 	1.614375e-02 	4.256527e-02 	1.042104e-01 	3.317111e-01 	1.000000e+00 	1.000000e+00 	
2.336380e-07 	3.018836e-03 	1.655442e-02 	4.366904e-02 	1.062777e-01 	3.345663e-01 	1.000000e+00 	1.000000e+00 	
2.317541e-07 	2.852197e-03 	1.612498e-02 	4.259431e-02 	1.038175e-01 	3.339766e-01 	1.000000e+00 	1.000000e+00 	
2.337861e-07 	2.887726e-03 	1.602136e-02 	4.317679e-02 	1.062614e-01 	3.368215e-01 	1.000000e+00 	1.000000e+00 	
2.245381e-07 	2.784722e-03 	1.546237e-02 	4.181102e-02 	1.030980e-01 	3.316825e-01 	1.000000e+00 	1.000000e+00 	
2.421244e-07 	2.723900e-03 	1.546061e-02 	4.227250e-02 	1.037004e-01 	3.322753e-01 	1.000000e+00 	1.000000e+00 	
2.312175e-07 	2.675418e-03 	1.510451e-02 	4.030769e-02 	1.002356e-01 	3.285455e-01 	1.000000e+00 	1.000000e+00 	
2.246656e-07 	2.562087e-03 	1.502721e-02 	3.936816e-02 	9.832986e-02 	3.265187e-01 	1.000000e+00 	1.000000e+00 	
2.218687e-07 	2.661759e-03 	1.525725e-02 	4.030889e-02 	1.008795e-01 	3.320973e-01 	1.000000e+00 	1.000000e+00 	
2.495255e-07 	2.628502e-03 	1.515294e-02 	4.038296e-02 	1.003934e-01 	3.292170e-01 	1.000000e+00 	1.000000e+00 	
2.336833e-07 	2.513498e-03 	1.458815e-02 	3.928029e-02 	9.840497e-02 	3.276100e-01 	1.000000e+00 	1.000000e+00 	
2.378938e-07 	2.508352e-03 	1.456172e-02 	3.957291e-02 	9.893336e-02 	3.286529e-01 	1.000000e+00 	1.000000e+00 	
2.353208e-07 	2.517461e-03 	1.462118e-02 	4.028009e-02 	1.008192e-01 	3.333118e-01 	1.000000e+00 	1.000000e+00 	
2.393187e-07 	2.455170e-03 	1.459581e-02 	4.010813e-02 	1.005770e-01 	3.332713e-01 	1.000000e+00 	1.000000e+00 	
2.359223e-07 	2.404049e-03 	1.415369e-02 	3.898735e-02 	9.869410e-02 	3.304838e-01 	1.000000e+00 	1.000000e+00 	
2.351712e-07 	2.375935e-03 	1.421657e-02 	3.880419e-02 	9.839188e-02 	3.325406e-01 	1.000000e+00 	1.000000e+00 	
2.362395e-07 	2.339007e-03 	1.390577e-02 	3.780399e-02 	9.671835e-02 	3.310547e-01 	1.000000e+00 	1.000000e+00 	
2.279121e-07 	2.237641e-03 	1.377615e-02 	3.758635e-02 	9.645057e-02 	3.284409e-01 	1.000000e+00 	1.000000e+00 	
2.360200e-07 	2.649089e-03 	1.470995e-02 	3.934926e-02 	9.815199e-02 	3.347663e-01 	1.000000e+00 	1.000000e+00 	
2.423795e-07 	2.218015e-03 	1.385320e-02 	3.863868e-02 	9.819834e-02 	3.337190e-01 	1.000000e+00 	1.000000e+00 	
2.499057e-07 	2.153688e-03 	1.361711e-02 	3.793894e-02 	9.729305e-02 	3.334430e-01 	1.000000e+00 	1.000000e+00 	
2.305530e-07 	1.991517e-03 	1.284733e-02 	3.529282e-02 	9.277613e-02 	3.301645e-01 	1.000000e+00 	1.000000e+00 	
2.453136e-07 	2.011571e-03 	1.290963e-02 	3.612880e-02 	9.419527e-02 	3.313480e-01 	1.000000e+00 	1.000000e+00 	
2.360760e-07 	1.774583e-03 	1.203681e-02 	3.419986e-02 	9.102194e-02 	3.275080e-01 	1.000000e+00 	1.000000e+00 	
2.448994e-07 	1.736092e-03 	1.187713e-02 	3.460257e-02 	9.187914e-02 	3.289393e-01 	1.000000e+00 	1.000000e+00 	
2.396386e-07 	1.570831e-03 	1.117507e-02 	3.330712e-02 	8.990664e-02 	3.291548e-01 	1.000000e+00 	1.000000e+00 	
2.355245e-07 	1.317995e-03 	1.046553e-02 	3.283542e-02 	9.023817e-02 	3.300262e-01 	1.000000e+00 	1.000000e+00 	
2.397215e-07 	1.025289e-03 	9.353452e-03 	3.006587e-02 	8.429182e-02 	3.241034e-01 	1.000000e+00 	1.000000e+00 	
2.370356e-07 	6.817143e-04 	8.508392e-03 	2.915609e-02 	8.446763e-02 	3.260538e-01 	1.000000e+00 	1.000000e+00 	
2.451248e-07 	2.992973e-04 	7.403504e-03 	2.582120e-02 	7.851763e-02 	3.200582e-01 	1.000000e+00 	1.000000e+00 	
2.490021e-07 	5.229043e-06 	6.562947e-03 	2.449732e-02 	7.673123e-02 	3.202557e-01 	1.000000e+00 	1.000000e+00 	
2.114443e-07 	2.114443e-07 	1.133595e-02 	3.716936e-02 	1.066034e-01 	4.105505e-01 	1.000000e+00 	1.000000e+00 	
1.000000e+00 	1.000000e+00 	1.000000e+00 	1.000000e+00 	1.000000e+00 	1.000000e+00 	1.000000e+00 	1.000000e+00 	
1.000000e+00 	1.000000e+00 	1.000000e+00 	1.000000e+00 	1.000000e+00 	1.000000e+00 	1.000000e+00 	1.000000e+00 	
1.000000e+00 	1.000000e+00 	1.000000e+00 	1.000000e+00 	1.000000e+00 	1.000000e+00 	1.000000e+00 	1.000000e+00 	
1.000000e+00 	1.000000e+00 	1.000000e+00 	1.000000e+00 	1.000000e+00 	1.000000e+00 	1.000000e+00 	1.000000e+00 	
1.000000e+00 	1.000000e+00 	1.000000e+00 	1.000000e+00 	1.000000e+00 	1.000000e+00 	1.000000e+00 	1.000000e+00 	
1.000000e+00 	1.000000e+00 	1.000000e+00 	1.000000e+00 	1.000000e+00 	1.000000e+00 	1.000000e+00 	1.000000e+00 	
1.000000e+00 	1.000000e+00 	1.000000e+00 	1.000000e+00 	1.000000e+00 	1.000000e+00 	1.000000e+00 	1.000000e+00 	
1.000000e+00 	1.000000e+00 	1.000000e+00 	1.000000e+00 	1.000000e+00 	1.000000e+00 	1.000000e+00 	1.000000e+00 	
1.000000e+00 	1.000000e+00 	1.000000e+00 	1.000000e+00 	1.000000e+00 	1.000000e+00 	1.000000e+00 	1.000000e+00 	
1.000000e+00 	1.000000e+00 	1.000000e+00 	1.000000e+00 	1.000000e+00 	1.000000e+00 	1.000000e+00 	1.000000e+00 	
1.000000e+00 	1.000000e+00 	1.000000e+00 	1.000000e+00 	1.000000e+00 	1.000000e+00 	1.000000e+00 	1.000000e+00 	
1.000000e+00 	1.000000e+00 	1.000000e+00 	1.000000e+00 	1.000000e+00 	1.000000e+00 	1.000000e+00 	1.000000e+00 	
1.000000e+00 	1.000000e+00 	1.000000e+00 	1.000000e+00 	1.000000e+00 	1.000000e+00 	1.000000e+00 	1.000000e+00 	
1.000000e+00 	1.000000e+00 	1.000000e+00 	1.000000e+00 	1.000000e+00 	1.000000e+00 	1.000000e+00 	1.000000e+00 	
1.000000e+00 	1.000000e+00 	1.000000e+00 	1.000000e+00 	1.000000e+00 	1.000000e+00 	1.000000e+00 	1.000000e+00 	
1.000000e+00 	1.000000e+00 	1.000000e+00 	1.000000e+00 	1.000000e+00 	1.000000e+00 	1.000000e+00 	1.000000e+00 	
1.000000e+00 	1.000000e+00 	1.000000e+00 	1.000000e+00 	1.000000e+00 	1.000000e+00 	1.000000e+00 	1.000000e+00 	
1.000000e+00 	1.000000e+00 	1.000000e+00 	1.000000e+00 	1.000000e+00 	1.000000e+00 	1.000000e+00 	1.000000e+00 	
1.000000e+00 	1.000000e+00 	1.000000e+00 	1.000000e+00 	1.000000e+00 	1.000000e+00 	1.000000e+00 	1.000000e+00 	
1.000000e+00 	1.000000e+00 	1.000000e+00 	1.000000e+00 	1.000000e+00 	1.000000e+00 	1.000000e+00 	1.000000e+00 	
1.000000e+00 	1.000000e+00 	1.000000e+00 	1.000000e+00 	1.000000e+00 	1.000000e+00 	1.000000e+00 	1.000000e+00 	
1.000000e+00 	1.000000e+00 	1.000000e+00 	1.000000e+00 	1.000000e+00 	1.000000e+00 	1.000000e+00 	1.000000e+00 	
1.000000e+00 	1.000000e+00 	1.000000e+00 	1.000000e+00 	1.000000e+00 	1.000000e+00 	1.000000e+00 	1.000000e+00 	
1.000000e+00 	1.000000e+00 	1.000000e+00 	1.000000e+00 	1.000000e+00 	1.000000e+00 	1.000000e+00 	1.000000e+00 	
1.000000e+00 	1.000000e+00 	1.000000e+00 	1.000000e+00 	1.000000e+00 	1.000000e+00 	1.000000e+00 	1.000000e+00 	
1.000000e+00 	1.000000e+00 	1.000000e+00 	1.000000e+00 	1.000000e+00 	1.000000e+00 	1.000000e+00 	1.000000e+00 	
1.000000e+00 	1.000000e+00 	1.000000e+00 	1.000000e+00 	1.000000e+00 	1.000000e+00 	1.000000e+00 	1.000000e+00 	
1.000000e+00 	1.000000e+00 	1.000000e+00 	1.000000e+00 	1.000000e+00 	1.000000e+00 	1.000000e+00 	1.000000e+00 	
1.000000e+00 	1.000000e+00 	1.000000e+00 	1.000000e+00 	1.000000e+00 	1.000000e+00 	1.000000e+00 	1.000000e+00 	
1.000000e+00 	1.000000e+00 	1.000000e+00 	1.000000e+00 	1.000000e+00 	1.000000e+00 	1.000000e+00 	1.000000e+00 	
1.000000e+00 	1.000000e+00 	1.000000e+00 	1.000000e+00 	1.000000e+00 	1.000000e+00 	1.000000e+00 	1.000000e+00 	
1.000000e+00 	1.000000e+00 	1.000000e+00 	1.000000e+00 	1.000000e+00 	1.000000e+00 	1.000000e+00 	1.000000e+00 	
1.000000e+00 	1.000000e+00 	1.000000e+00 	1.000000e+00 	1.000000e+00 	1.000000e+00 	1.000000e+00 	1.000000e+00 	
1.000000e+00 	1.000000e+00 	1.000000e+00 	1.000000e+00 	1.000000e+00 	1.000000e+00 	1.000000e+00 	1.000000e+00 	
1.000000e+00 	1.000000e+00 	1.000000e+00 	1.000000e+00 	1.000000e+00 	1.000000e+00 	1.000000e+00 	1.000000e+00 	
1.000000e+00 	1.000000e+00 	1.000000e+00 	1.000000e+00 	1.000000e+00 	1.000000e+00 	1.000000e+00 	1.000000e+00 	
1.000000e+00 	1.000000e+00 	1.000000e+00 	1.000000e+00 	1.000000e+00 	1.000000e+00 	1.000000e+00 	1.000000e+00 	
1.000000e+00 	1.000000e+00 	1.000000e+00 	1.000000e+00 	1.000000e+00 	1.000000e+00 	1.000000e+00 	1.000000e+00 	
1.000000e+00 	1.000000e+00 	1.000000e+00 	1.000000e+00 	1.000000e+00 	1.000000e+00 	1.000000e+00 	1.000000e+00 	
1.000000e+00 	1.000000e+00 	1.000000e+00 	1.000000e+00 	1.000000e+00 	1.000000e+00 	1.000000e+00 	1.000000e+00 	
1.000000e+00 	1.000000e+00 	1.000000e+00 	1.000000e+00 	1.000000e+00 	1.000000e+00 	1.000000e+00 	1.000000e+00 	
1.000000e+00 	1.000000e+00 	1.000000e+00 	1.000000e+00 	1.000000e+00 	1.000000e+00 	1.000000e+00 	1.000000e+00 	
1.000000e+00 	1.000000e+00 	1.000000e+00 	1.000000e+00 	1.000000e+00 	1.000000e+00 	1.000000e+00 	1.000000e+00 	
1.000000e+00 	1.000000e+00 	1.000000e+00 	1.000000e+00 	1.000000e+00 	1.000000e+00 	1.000000e+00 	1.000000e+00 	
1.000000e+00 	1.000000e+00 	1.000000e+00 	1.000000e+00 	1.000000e+00 	1.000000e+00 	1.000000e+00 	1.000000e+00 	
1.000000e+00 	1.000000e+00 	1.000000e+00 	1.000000e+00 	1.000000e+00 	1.000000e+00 	1.000000e+00 	1.000000e+00 	
1.000000e+00 	1.000000e+00 	1.000000e+00 	1.000000e+00 	1.000000e+00 	1.000000e+00 	1.000000e+00 	1.000000e+00 	
1.000000e+00 	1.000000e+00 	1.000000e+00 	1.000000e+00 	1.000000e+00 	1.000000e+00 	1.000000e+00 	1.000000e+00 	
1.000000e+00 	1.000000e+00 	1.000000e+00 	1.000000e+00 	1.000000e+00 	1.000000e+00 	1.000000e+00 	1.000000e+00 	
1.000000e+00 	1.000000e+00 	1.000000e+00 	1.000000e+00 	1.000000e+00 	1.000000e+00 	1.000000e+00 	1.000000e+00 	
1.000000e+00 	1.000000e+00 	1.000000e+00 	1.000000e+00 	1.000000e+00 	1.000000e+00 	1.000000e+00 	1.000000e+00 	
1.000000e+00 	1.000000e+00 	1.000000e+00 	1.000000e+00 	1.000000e+00 	1.000000e+00 	1.000000e+00 	1.000000e+00 	
1.000000e+00 	1.000000e+00 	1.000000e+00 	1.000000e+00 	1.000000e+00 	1.000000e+00 	1.000000e+00 	1.000000e+00 	
1.000000e+00 	1.000000e+00 	1.000000e+00 	1.000000e+00 	1.000000e+00 	1.000000e+00 	1.000000e+00 	1.000000e+00 	
1.000000e+00 	1.000000e+00 	1.000000e+00 	1.000000e+00 	1.000000e+00 	1.000000e+00 	1.000000e+00 	1.000000e+00 	
1.000000e+00 	1.000000e+00 	1.000000e+00 	1.000000e+00 	1.000000e+00 	1.000000e+00 	1.000000e+00 	1.000000e+00 	
1.000000e+00 	1.000000e+00 	1.000000e+00 	1.000000e+00 	1.000000e+00 	1.000000e+00 	1.000000e+00 	1.000000e+00 	
1.000000e+00 	1.000000e+00 	1.000000e+00 	1.000000e+00 	1.000000e+00 	1.000000e+00 	1.000000e+00 	1.000000e+00 	
1.000000e+00 	1.000000e+00 	1.000000e+00 	1.000000e+00 	1.000000e+00 	1.000000e+00 	1.000000e+00 	1.000000e+00 	
1.000000e+00 	1.000000e+00 	1.000000e+00 	1.000000e+00 	1.000000e+00 	1.000000e+00 	1.000000e+00 	1.000000e+00 	
1.000000e+00 	1.000000e+00 	1.000000e+00 	1.000000e+00 	1.000000e+00 	1.000000e+00 	1.000000e+00 	1.000000e+00 	
1.000000e+00 	1.000000e+00 	1.000000e+00 	1.000000e+00 	1.000000e+00 	1.000000e+00 	1.000000e+00 	1.000000e+00 	
1.000000e+00 	1.000000e+00 	1.000000e+00 	1.000000e+00 	1.000000e+00 	1.000000e+00 	1.000000e+00 	1.000000e+00 	
1.000000e+00 	1.000000e+00 	1.000000e+00 	1.000000e+00 	1.000000e+00 	1.000000e+00 	1.000000e+00 	1.000000e+00 	
1.000000e+00 	1.000000e+00 	1.000000e+00 	1.000000e+00 	1.000000e+00 	1.000000e+00 	1.000000e+00 	1.000000e+00 	
1.000000e+00 	1.000000e+00 	1.000000e+00 	1.000000e+00 	1.000000e+00 	1.000000e+00 	1.000000e+00 	1.000000e+00 	
1.000000e+00 	1.000000e+00 	1.000000e+00 	1.000000e+00 	1.000000e+00 	1.000000e+00 	1.000000e+00 	1.000000e+00 	
1.000000e+00 	1.000000e+00 	1.000000e+00 	1.000000e+00 	1.000000e+00 	1.000000e+00 	1.000000e+00 	1.000000e+00 	
1.000000e+00 	1.000000e+00 	1.000000e+00 	1.000000e+00 	1.000000e+00 	1.000000e+00 	1.000000e+00 	1.000000e+00 	
1.000000e+00 	1.000000e+00 	1.000000e+00 	1.000000e+00 	1.000000e+00 	1.000000e+00 	1.000000e+00 	1.000000e+00 	
1.000000e+00 	1.000000e+00 	1.000000e+00 	1.000000e+00 	1.000000e+00 	1.000000e+00 	1.000000e+00 	1.000000e+00 	
1.000000e+00 	1.000000e+00 	1.000000e+00 	1.000000e+00 	1.000000e+00 	1.000000e+00 	1.000000e+00 	1.000000e+00 	
1.000000e+00 	1.000000e+00 	1.000000e+00 	1.000000e+00 	1.000000e+00 	1.000000e+00 	1.000000e+00 	1.000000e+00 	
1.000000e+00 	1.000000e+00 	1.000000e+00 	1.000000e+00 	1.000000e+00 	1.000000e+00 	1.000000e+00 	1.000000e+00 	
1.000000e+00 	1.000000e+00 	1.000000e+00 	1.000000e+00 	1.000000e+00 	1.000000e+00 	1.000000e+00 	1.000000e+00 	
1.000000e+00 	1.000000e+00 	1.000000e+00 	1.000000e+00 	1.000000e+00 	1.000000e+00 	1.000000e+00 	1.000000e+00 	
1.000000e+00 	1.000000e+00 	1.000000e+00 	1.000000e+00 	1.000000e+00 	1.000000e+00 	1.000000e+00 	1.000000e+00 	
1.000000e+00 	1.000000e+00 	1.000000e+00 	1.000000e+00 	1.000000e+00 	1.000000e+00 	1.000000e+00 	1.000000e+00 	
1.000000e+00 	1.000000e+00 	1.000000e+00 	1.000000e+00 	1.000000e+00 	1.000000e+00 	1.000000e+00 	1.000000e+00 	
1.000000e+00 	1.000000e+00 	1.000000e+00 	1.000000e+00 	1.000000e+00 	1.000000e+00 	1.000000e+00 	1.000000e+00 	
1.000000e+00 	1.000000e+00 	1.000000e+00 	1.000000e+00 	1.000000e+00 	1.000000e+00 	1.000000e+00 	1.000000e+00 	
1.000000e+00 	1.000000e+00 	1.000000e+00 	1.000000e+00 	1.000000e+00 	1.000000e+00 	1.000000e+00 	1.000000e+00 	
1.000000e+00 	1.000000e+00 	1.000000e+00 	1.000000e+00 	1.000000e+00 	1.000000e+00 	1.000000e+00 	1.000000e+00 	
1.000000e+00 	1.000000e+00 	1.000000e+00 	1.000000e+00 	1.000000e+00 	1.000000e+00 	1.000000e+00 	1.000000e+00 	
1.000000e+00 	1.000000e+00 	1.000000e+00 	1.000000e+00 	1.000000e+00 	1.000000e+00 	1.000000e+00 	1.000000e+00 	
1.000000e+00 	1.000000e+00 	1.000000e+00 	1.000000e+00 	1.000000e+00 	1.000000e+00 	1.000000e+00 	1.000000e+00 	
1.000000e+00 	1.000000e+00 	1.000000e+00 	1.000000e+00 	1.000000e+00 	1.000000e+00 	1.000000e+00 	1.000000e+00 	
1.000000e+00 	1.000000e+00 	1.000000e+00 	1.000000e+00 	1.000000e+00 	1.000000e+00 	1.000000e+00 	1.000000e+00 	
1.000000e+00 	1.000000e+00 	1.000000e+00 	1.000000e+00 	1.000000e+00 	1.000000e+00 	1.000000e+00 	1.000000e+00 	
1.000000e+00 	1.000000e+00 	1.000000e+00 	1.000000e+00 	1.000000e+00 	1.000000e+00 	1.000000e+00 	1.000000e+00 	
1.000000e+00 	1.000000e+00 	1.000000e+00 	1.000000e+00 	1.000000e+00 	1.000000e+00 	1.000000e+00 	1.000000e+00 	
1.000000e+00 	1.000000e+00 	1.000000e+00 	1.000000e+00 	1.000000e+00 	1.000000e+00 	1.000000e+00 	1.000000e+00 	
1.000000e+00 	1.000000e+00 	1.000000e+00 	1.000000e+00 	1.000000e+00 	1.000000e+00 	1.000000e+00 	1.000000e+00 	
1.000000e+00 	1.000000e+00 	1.000000e+00 	1.000000e+00 	1.000000e+00 	1.000000e+00 	1.000000e+00 	1.000000e+00 	
1.000000e+00 	1.000000e+00 	1.000000e+00 	1.000000e+00 	1.000000e+00 	1.000000e+00 	1.000000e+00 	1.000000e+00 	
1.000000e+00 	1.000000e+00 	1.000000e+00 	1.000000e+00 	1.000000e+00 	1.000000e+00 	1.000000e+00 	1.000000e+00 	
1.000000e+00 	1.000000e+00 	1.000000e+00 	1.000000e+00 	1.000000e+00 	1.000000e+00 	1.000000e+00 	1.000000e+00 	
1.000000e+00 	1.000000e+00 	1.000000e+00 	1.000000e+00 	1.000000e+00 	1.000000e+00 	1.000000e+00 	1.000000e+00 	
1.000000e+00 	1.000000e+00 	1.000000e+00 	1.000000e+00 	1.000000e+00 	1.000000e+00 	1.000000e+00 	1.000000e+00 	
1.000000e+00 	1.000000e+00 	1.000000e+00 	1.000000e+00 	1.000000e+00 	1.000000e+00 	1.000000e+00 	1.000000e+00 	
1.000000e+00 	1.000000e+00 	1.000000e+00 	1.000000e+00 	1.000000e+00 	1.000000e+00 	1.000000e+00 	1.000000e+00 	
1.000000e+00 	1.000000e+00 	1.000000e+00 	1.000000e+00 	1.000000e+00 	1.000000e+00 	1.000000e+00 	1.000000e+00 	
1.000000e+00 	1.000000e+00 	1.000000e+00 	1.000000e+00 	1.000000e+00 	1.000000e+00 	1.000000e+00 	1.000000e+00 	
1.000000e+00 	1.000000e+00 	1.000000e+00 	1.000000e+00 	1.000000e+00 	1.000000e+00 	1.000000e+00 	1.000000e+00 	
1.000000e+00 	1.000000e+00 	1.000000e+00 	1.000000e+00 	1.000000e+00 	1.000000e+00 	1.000000e+00 	1.000000e+00 	
1.000000e+00 	1.000000e+00 	1.000000e+00 	1.000000e+00 	1.000000e+00 	1.000000e+00 	1.000000e+00 	1.000000e+00 	
1.000000e+00 	1.000000e+00 	1.000000e+00 	1.000000e+00 	1.000000e+00 	1.000000e+00 	1.000000e+00 	1.000000e+00 	
1.000000e+00 	1.000000e+00 	1.000000e+00 	1.000000e+00 	1.000000e+00 	1.000000e+00 	1.000000e+00 	1.000000e+00 	
1.000000e+00 	1.000000e+00 	1.000000e+00 	1.000000e+00 	1.000000e+00 	1.000000e+00 	1.000000e+00 	1.000000e+00 	
1.000000e+00 	1.000000e+00 	1.000000e+00 	1.000000e+00 	1.000000e+00 	1.000000e+00 	1.000000e+00 	1.000000e+00 	
1.000000e+00 	1.000000e+00 	1.000000e+00 	1.000000e+00 	1.000000e+00 	1.000000e+00 	1.000000e+00 	1.000000e+00 	
1.000000e+00 	1.000000e+00 	1.000000e+00 	1.000000e+00 	1.000000e+00 	1.000000e+00 	1.000000e+00 	1.000000e+00 	
1.000000e+00 	1.000000e+00 	1.000000e+00 	1.000000e+00 	1.000000e+00 	1.000000e+00 	1.000000e+00 	1.000000e+00 	
1.000000e+00 	1.000000e+00 	1.000000e+00 	1.000000e+00 	1.000000e+00 	1.000000e+00 	1.000000e+00 	1.000000e+00 	
1.000000e+00 	1.000000e+00 	1.000000e+00 	1.000000e+00 	1.000000e+00 	1.000000e+00 	1.000000e+00 	1.000000e+00 	
1.000000e+00 	1.000000e+00 	1.000000e+00 	1.000000e+00 	1.000000e+00 	1.000000e+00 	1.000000e+00 	1.000000e+00 	
1.000000e+00 	1.000000e+00 	1.000000e+00 	1.000000e+00 	1.000000e+00 	1.000000e+00 	1.000000e+00 	1.000000e+00 	
1.000000e+00 	1.000000e+00 	1.000000e+00 	1.000000e+00 	1.000000e+00 	1.000000e+00 	1.000000e+00 	1.000000e+00 	
1.000000e+00 	1.000000e+00 	1.000000e+00 	1.000000e+00 	1.000000e+00 	1.000000e+00 	1.000000e+00 	1.000000e+00 	
1.000000e+00 	1.000000e+00 	1.000000e+00 	1.000000e+00 	1.000000e+00 	1.000000e+00 	1.000000e+00 	1.000000e+00 	
1.000000e+00 	1.000000e+00 	1.000000e+00 	1.000000e+00 	1.000000e+00 	1.000000e+00 	1.000000e+00 	1.000000e+00 	
1.000000e+00 	1.000000e+00 	1.000000e+00 	1.000000e+00 	1.000000e+00 	1.000000e+00 	1.000000e+00 	1.000000e+00 	
1.000000e+00 	1.000000e+00 	1.000000e+00 	1.000000e+00 	1.000000e+00 	1.000000e+00 	1.000000e+00 	1.000000e+00 	
1.000000e+00 	1.000000e+00 	1.000000e+00 	1.000000e+00 	1.000000e+00 	1.000000e+00 	1.000000e+00 	1.000000e+00 	
1.000000e+00 	1.000000e+00 	1.000000e+00 	1.000000e+00 	1.000000e+00 	1.000000e+00 	1.000000e+00 	1.000000e+00 	
1.000000e+00 	1.000000e+00 	1.000000e+00 	1.000000e+00 	1.000000e+00 	1.000000e+00 	1.000000e+00 	1.000000e+00 	
1.000000e+00 	1.000000e+00 	1.000000e+00 	1.000000e+00 	1.000000e+00 	1.000000e+00 	1.000000e+00 	1.000000e+00 	
1.000000e+00 	1.000000e+00 	1.000000e+00 	1.000000e+00 	1.000000e+00 	1.000000e+00 	1.000000e+00 	1.000000e+00 	
1.000000e+00 	1.000000e+00 	1.000000e+00 	1.000000e+00 	1.000000e+00 	1.000000e+00 	1.000000e+00 	1.000000e+00 	
1.000000e+00 	1.000000e+00 	1.000000e+00 	1.000000e+00 	1.000000e+00 	1.000000e+00 	1.000000e+00 	1.000000e+00 	
1.000000e+00 	1.000000e+00 	1.000000e+00 	1.000000e+00 	1.000000e+00 	1.000000e+00 	1.000000e+00 	1.000000e+00 	
1.000000e+00 	1.000000e+00 	1.000000e+00 	1.000000e+00 	1.000000e+00 	1.000000e+00 	1.000000e+00 	1.000000e+00 	
1.000000e+00 	1.000000e+00 	1.000000e+00 	1.000000e+00 	1.000000e+00 	1.000000e+00 	1.000000e+00 	1.000000e+00 	
1.000000e+00 	1.000000e+00 	1.000000e+00 	1.000000e+00 	1.000000e+00 	1.000000e+00 	1.000000e+00 	1.000000e+00 	
1.000000e+00 	1.000000e+00 	1.000000e+00 	1.000000e+00 	1.000000e+00 	1.000000e+00 	1.000000e+00 	1.000000e+00 	
1.000000e+00 	1.000000e+00 	1.000000e+00 	1.000000e+00 	1.000000e+00 	1.000000e+00 	1.000000e+00 	1.000000e+00 	
1.000000e+00 	1.000000e+00 	1.000000e+00 	1.000000e+00 	1.000000e+00 	1.000000e+00 	1.000000e+00 	1.000000e+00 	
1.000000e+00 	1.000000e+00 	1.000000e+00 	1.000000e+00 	1.000000e+00 	1.000000e+00 	1.000000e+00 	1.000000e+00 	
1.000000e+00 	1.000000e+00 	1.000000e+00 	1.000000e+00 	1.000000e+00 	1.000000e+00 	1.000000e+00 	1.000000e+00 	
1.000000e+00 	1.000000e+00 	1.000000e+00 	1.000000e+00 	1.000000e+00 	1.000000e+00 	1.000000e+00 	1.000000e+00 	
1.000000e+00 	1.000000e+00 	1.000000e+00 	1.000000e+00 	1.000000e+00 	1.000000e+00 	1.000000e+00 	1.000000e+00 	
1.000000e+00 	1.000000e+00 	1.000000e+00 	1.000000e+00 	1.000000e+00 	1.000000e+00 	1.000000e+00 	1.000000e+00 	
1.000000e+00 	1.000000e+00 	1.000000e+00 	1.000000e+00 	1.000000e+00 	1.000000e+00 	1.000000e+00 	1.000000e+00 	
1.000000e+00 	1.000000e+00 	1.000000e+00 	1.000000e+00 	1.000000e+00 	1.000000e+00 	1.000000e+00 	1.000000e+00 	
1.000000e+00 	1.000000e+00 	1.000000e+00 	1.000000e+00 	1.000000e+00 	1.000000e+00 	1.000000e+00 	1.000000e+00 	
1.000000e+00 	1.000000e+00 	1.000000e+00 	1.000000e+00 	1.000000e+00 	1.000000e+00 	1.000000e+00 	1.000000e+00 	
1.000000e+00 	1.000000e+00 	1.000000e+00 	1.000000e+00 	1.000000e+00 	1.000000e+00 	1.000000e+00 	1.000000e+00 	
1.000000e+00 	1.000000e+00 	1.000000e+00 	1.000000e+00 	1.000000e+00 	1.000000e+00 	1.000000e+00 	1.000000e+00 	
1.000000e+00 	1.000000e+00 	1.000000e+00 	1.000000e+00 	1.000000e+00 	1.000000e+00 	1.000000e+00 	1.000000e+00 	
1.000000e+00 	1.000000e+00 	1.000000e+00 	1.000000e+00 	1.000000e+00 	1.000000e+00 	1.000000e+00 	1.000000e+00 	
