2	6	15	22	27	33	37	40
0.630957344480193	0.251188643150958	0.0316227766016838	0.00630957344480193	0.00199526231496888	0.000501187233627273	0.000199526231496888	1e-04
4.99876280620546e-07	0.000500876033181788	0.0192102454642476	0.0418921316974049	0.145226556427284	1	0	0
3.57155740260631e-07	0.000417515060364677	0.0117939968548866	0.0281474438899403	0.0982699733097515	1	0	0
2.62498333135585e-07	0.000614246099537268	0.0446979536679942	0.105743516028673	0.239278780579743	1	0	0
1.8349657494468e-07	0.000494890262625803	0.0361796526886927	0.0766656029981872	0.153020362798418	0.310786314018056	1	0
2.34807761711448e-07	0.000263923924163668	0.0153369385717067	0.0322428626071692	0.0749543944624816	0.20466971588026	1	0
2.05438448791796e-07	0.00127659452079222	0.0138155302427995	0.0294048160524673	0.0634999973293002	0.165942085257778	1	0
3.57571176330504e-07	0.00156687689468027	0.0157853371502864	0.0331879687311158	0.0690759574147032	0.165294070111126	1	0
3.12165982398833e-07	0.00147841809264087	0.0147654509674648	0.0311073401460437	0.0647126324832429	0.154236529413528	1	0
3.27738938892747e-07	0.00135815016277154	0.0141199767043162	0.0298566895941904	0.0619659289153906	0.14651339845943	1	0
2.21477320168721e-07	0.00119774934747245	0.0124253206161056	0.0263239083659736	0.0555622367880473	0.13577002680983	1	0
2.84254193744247e-07	0.00118363446275105	0.0128832528230705	0.0273969877014581	0.0578551088153479	0.13923054663787	1	0
3.19079519402428e-07	0.00127855163424553	0.0133123166289887	0.0283699982291087	0.0598299625241104	0.142619930025861	1	0
2.65913882193768e-07	0.00146199452430134	0.0138974572250929	0.0296919440857562	0.0626471833337943	0.148967615943771	1	0
2.16934892198544e-07	0.00113391868152179	0.0111684590550576	0.0237921173669831	0.0501267116705332	0.116508788683288	0.328488887944017	1
2.17138243885767e-07	0.0012463735199043	0.0112518866599166	0.0240013757879133	0.0503982206823743	0.117303073526701	0.329735063114488	1
2.25155700795993e-07	0.00118521960899011	0.0112078004742229	0.0239444081568507	0.0502711887838237	0.116905342967295	0.329162549131788	1
2.10007266251412e-07	0.00118675106158673	0.0110537324591431	0.0236823094079055	0.0497261505248082	0.116148298731136	0.330184134371049	1
2.07650767954835e-07	0.00123572972009922	0.0112202015956716	0.0241585056454014	0.0506744704593941	0.117834335386723	0.333080968433346	1
2.10788314570363e-07	0.00117092908743837	0.0110961076672985	0.0240047840515875	0.0504020154735486	0.117769750021922	0.327948043209918	1
2.14186102449068e-07	0.00140527501816834	0.0115626225546105	0.0249216239504613	0.0517777767782426	0.119820417804263	0.332448958916321	1
2.00371448591399e-07	0.00137494888023418	0.0112582705820049	0.0244272832977774	0.0509873202943617	0.118995794403666	0.332788122621716	1
2.16352530004851e-07	0.00148223118306323	0.0112321579477318	0.0245811090490311	0.0511031166447357	0.119161564713422	0.33451432967712	1
2.14126939160327e-07	0.00154706713543336	0.0110420979986197	0.0243485883788599	0.0504249670298045	0.117798509548027	0.333205927804533	1
2.0834509615022e-07	0.00164884309093284	0.0111816729652862	0.0246720179410129	0.051083509089784	0.119002343673987	0.334258038318413	1
2.02470791563609e-07	0.00182709642307001	0.0114823210603638	0.0253776890145828	0.052221266560086	0.120889842931259	0.339033695999015	1
2.16486531831638e-07	0.00212329990420471	0.0119989825133004	0.0264169855332875	0.0537391012561631	0.123560337502503	0.344582262176014	1
2.07708822141428e-07	0.00231179919043409	0.0122205485506909	0.0269576971904474	0.0544213730716313	0.124530785770783	0.345443450026919	1
2.05048583186057e-07	0.00238738065403526	0.0118079277113523	0.026197417085017	0.0531777096606384	0.123243630729647	0.346623967349704	1
1.96428613520417e-07	0.0026350898503764	0.0123490740748016	0.0276430059235013	0.0554402083086161	0.126636348564932	0.352447343381574	1
2.06902644650294e-07	0.00282153136509606	0.0123988478833135	0.0276904016414828	0.0551465894892215	0.126265442437512	0.358063647805353	1
1.96534816044395e-07	0.00295745591183605	0.0123256809882242	0.0274183756515375	0.0548475607179574	0.125667702470659	0.351590762627804	1
1.97574301273544e-07	0.00313906049863407	0.0124533057835728	0.0274839683272589	0.0548029621129544	0.126121160069364	0.35493255109716	1
2.11384313592857e-07	0.00340075083708188	0.0128743616193729	0.0283681976527886	0.0566419065174012	0.129905807149863	0.361975978286603	1
2.15889790852447e-07	0.00353130930897348	0.0128311938295244	0.0283294901352398	0.0567028058980227	0.13078797830653	0.363994289283252	1
1.9393676110094e-07	0.00367510162286282	0.0129867812703634	0.0285633940484687	0.057172169299035	0.131256205976355	0.366446225214882	1
2.07223221268397e-07	0.00371820625921884	0.0129112500243487	0.0285499720870321	0.0573556576291094	0.132935354229447	0.371700436453549	1
2.06044182466135e-07	0.00371106177039755	0.0128478849976758	0.0287033969268098	0.0579383878443822	0.134515738478833	0.376653504564291	1
2.12761023201802e-07	0.00378714621299208	0.0130988451544422	0.0292946397626098	0.0588314015696232	0.136118758096887	0.378035275352125	1
1.93595886784351e-07	0.0037720222581063	0.0129986086263617	0.0291731577754206	0.0590798503658672	0.13621522751679	0.393723505192919	1
1.93624337804765e-07	0.00362348585767837	0.0126099786238731	0.028631811704204	0.0580661962886087	0.136483859475201	0.384521864060225	1
2.02892846201136e-07	0.00383041404343124	0.013068125330969	0.0296223555453658	0.0602873774273593	0.140077221017264	0.400138372921109	1
2.03855436325041e-07	0.00381556220169579	0.0132126862499712	0.0302140257840433	0.0612720130744723	0.14111056772312	0.393622831156531	1
1.91933864196811e-07	0.00373292172476377	0.0132065853276541	0.0305042409706633	0.0621694898858531	0.144424090924446	0.407085008276188	1
1.92033158749588e-07	0.00352054389935619	0.0125624251790805	0.0296044078523127	0.0611043750146425	0.143185492125296	0.41191650244631	1
1.84349773461781e-07	0.00330557578794319	0.011670262408998	0.0280858723366758	0.0595077381739159	0.144963997410992	0.425443697643512	1
1.81974547583979e-07	0.00342366913824497	0.0120723734612687	0.0289183032547604	0.0606815965864487	0.146230742998438	0.422254650086602	1
1.75503039975907e-07	0.0035511285108725	0.0123582220629435	0.029763736052554	0.0622805882932101	0.148887126448361	0.424319315847029	1
1.86723266223124e-07	0.00337147529492473	0.0119297494789954	0.0291973569695113	0.0619456302927877	0.149696602700877	0.429717642678515	1
1.74036836636843e-07	0.00330757008028319	0.0118369414070182	0.0290825996230362	0.0619268314331411	0.151665445508196	0.439191703315924	1
1.75022411619808e-07	0.00319625928100093	0.0115752822148876	0.0284757963257195	0.0608325396066966	0.150535726099727	0.438650969256613	1
1.8070063055485e-07	0.00328567956537884	0.0116989202233821	0.0289462533079509	0.0624550168367813	0.153654082975923	0.444888747139283	1
1.79645258101732e-07	0.00321277579589137	0.0114687329224727	0.028540062509364	0.062054502215565	0.154109403243603	0.456792441102404	1
1.78312080019329e-07	0.00316254305122282	0.0115105797014877	0.0290855532444329	0.0632695837928584	0.156725797924269	0.462093259000971	1
1.72751641702039e-07	0.00325118589683237	0.0116189299175957	0.029249271463139	0.0640148483491076	0.161048927238218	0.473781051459777	1
1.6641801042276e-07	0.00324548403926467	0.0116619084983853	0.0285763022417338	0.0638287958075975	0.163520007189258	0.476480059377946	1
1.75749240982966e-07	0.00322745906141118	0.0115514703620874	0.0281933417400054	0.0636897674398169	0.163656111460169	0.476351270007953	1
1.64371735885522e-07	0.0031597178789274	0.0114828450972267	0.0281905745630465	0.0637509202762563	0.164167421817817	0.481114591591301	1
1.71249151246394e-07	0.00319037168772032	0.0115819225970961	0.0285400410484216	0.0652507216011111	0.169313864588159	0.490655704437665	1
1.73468902750211e-07	0.00316823603982985	0.0115185086115167	0.0277307387936487	0.0647703393155819	0.171111286892933	0.500629171710275	1
1.68487227320271e-07	0.00326039633587457	0.0118369016681583	0.0283280945038119	0.0663101701586206	0.174827907146015	0.50948650484704	1
1.7197845041225e-07	0.00314393805198633	0.0115913475577856	0.0279239690149865	0.0657864007008466	0.176631327388153	0.513268309427755	1
1.579233209632e-07	0.00321326581163822	0.011646529074394	0.0279026819643829	0.0654391602774839	0.175539825339965	0.521057890425536	1
1.55593734800437e-07	0.00324490733926311	0.0118688456843121	0.0287583900031648	0.06694264846054	0.178568861274804	0.52206474753205	1
1.45077954737419e-07	0.00312367344345137	0.0118047030210743	0.0291963580790866	0.0685821212312012	0.183222140752891	0.52994031783098	1
1.50635712835308e-07	0.00293769767171417	0.0110122237868252	0.0270278127754751	0.0649340848247775	0.180560401004318	0.535783965491166	1
1.50607581103688e-07	0.00296230051272845	0.0111579132536479	0.0273923562435578	0.0658108441072977	0.183663083611907	0.544270646642686	1
1.49934613515046e-07	0.00290648248298917	0.0110737207503808	0.0273596184703851	0.0662228202280985	0.18648507385929	0.548856643617718	1
1.47707236576329e-07	0.00298309534989555	0.011224716029145	0.0273549370922265	0.065976391361549	0.187655692659054	0.552154317430828	1
1.45364768173721e-07	0.0028853452834802	0.0110926400945685	0.027302120028852	0.0663579991179266	0.189967621451537	0.557644834913594	1
1.40937930653464e-07	0.00290698575765836	0.0112075251834941	0.0278642745177738	0.0675330872932899	0.193287351863665	0.563037590119236	1
1.37918231866201e-07	0.00288924903936504	0.0112819872031189	0.0277207370957151	0.0670787387598365	0.194206386083057	0.561340581763927	1
1.34547689015621e-07	0.00287730232959905	0.0112569324014919	0.0278313240205702	0.0674997500776676	0.197234399161822	0.569540905793879	1
1.47748614007189e-07	0.00309031001057437	0.0119785711320189	0.029225266845078	0.0697077960885918	0.203110906167367	0.582988549630163	1
1.38590073291974e-07	0.00333849627553037	0.0125069225741609	0.0298762778697708	0.070564660307415	0.203529085344321	0.581169988485937	1
1.31330249348865e-07	0.00307496645825432	0.0120047667627304	0.0293379957322922	0.0703771226908202	0.207933213840317	0.587780744674033	1
1.35822470252163e-07	0.00304663383022626	0.0119515624473688	0.0293960572366755	0.0707348484601535	0.209353631729868	0.588994413893443	1
1.37547514069391e-07	0.00314571164676698	0.0126153078003883	0.0318642571093152	0.0762977436018055	0.219724313517551	0.599330831344052	1
1.30439319628509e-07	0.00300219138056976	0.0120522018157153	0.0297778618386726	0.0714296149431285	0.214827037462173	0.597317776270479	1
1.27682024771334e-07	0.00251942171278797	0.0103458191031717	0.0259369434659745	0.0638577387309122	0.195722115905656	0.590584906248196	1
1.39152273219366e-07	0.00256388063406681	0.0107105504696946	0.026846508919939	0.0655908155046802	0.2001438277896	0.596010476496346	1
1.37264139029905e-07	0.00261364647126842	0.0108113353824124	0.0272219495241327	0.0663861536721451	0.203156553593959	0.598853789533445	1
1.29083891621165e-07	0.00257651447675845	0.0106624585317998	0.0266984213040055	0.0650625411454905	0.198171913926861	0.597238766474332	1
1.27628965240507e-07	0.00263668679290363	0.0113741657532687	0.0287762475348465	0.0686111620208872	0.205010662123756	0.601209514177791	1
1.3080742452477e-07	0.00267723555774847	0.0112944362631667	0.0278239164632393	0.0670266399784639	0.203939108620654	0.601058022772526	1
1.26536549133193e-07	0.0026746030390283	0.0113583002598428	0.0281221153621065	0.0674969995020787	0.204477116181431	0.601631815337622	1
1.3021542057888e-07	0.00231653233209828	0.0101165662401938	0.0248645043441166	0.0616013996595127	0.194602518730837	0.59685396939573	1
1.20993716554312e-07	0.00229270993498766	0.010050585053017	0.025453327157814	0.0622759498853706	0.195278292807698	0.597361828805506	1
1.34802609886369e-07	0.00220469668469157	0.00987469558200622	0.0248751256023318	0.0613144278963756	0.192567819867047	0.596085278287856	1
1.32974037484051e-07	0.00230138166673648	0.0101493763850077	0.0253443196483103	0.062069488242768	0.193589188678856	0.596666739802387	1
1.32042067546384e-07	0.00225950385985372	0.010174105388584	0.0251812145335007	0.0616483286643258	0.193473847219933	0.596657830411506	1
1.29506703785015e-07	0.00225263960563655	0.01009258693267	0.0251213218801058	0.061781950080864	0.195021037068963	0.59745845683956	1
1.34227070861961e-07	0.00228078638808643	0.0104286380435492	0.025726363082616	0.0627133035939835	0.196887354762954	0.598408979683659	1
1.31504699123166e-07	0.00226424790950267	0.0102962919225474	0.0255646450142426	0.0628581941432804	0.196878578160673	0.598417656557331	1
1.29518227164868e-07	0.00235619558858328	0.0107717719168477	0.0271051860263821	0.065645277292696	0.202977986693556	0.601477207188106	1
1.31538949143228e-07	0.00237020032461182	0.0107827738170669	0.0262646450533265	0.0637825787448054	0.199468424798722	0.599726188523463	1
1.35655042250441e-07	0.0023521227775804	0.0108627131632463	0.0266064304017058	0.0642920794140896	0.200421778657365	0.600205463126993	1
1.37946446430567e-07	0.0023485382504804	0.0109323938260688	0.0267351248898153	0.0645783873784519	0.201890831941224	0.600941898336228	1
1.25845667152557e-07	0.00221287021121056	0.0105419656917025	0.0264927781576219	0.0640086299924707	0.20168190217236	0.600839063401173	1
1.39303044579482e-07	0.00237191294005484	0.0111017561377618	0.0271358151749493	0.0650215069970526	0.201945812787295	0.600971583014724	1
1.31242999826497e-07	0.00222181274406276	0.010664937408901	0.0262003025413632	0.0636729350948244	0.200693645502683	0.600346297779342	1
1.35473342503975e-07	0.00231334279659789	0.0111422760009245	0.0270030885212624	0.0645227016744234	0.202766609505948	0.60138310154296	1
1.82088467317669e-07	0.00336244563748808	0.0195706863788358	0.0509170339391052	0.131681281087054	0.459808887228242	1	0
1.9572558802817e-07	0.00353950153390143	0.0184943065383698	0.0462476077440003	0.116157460452666	0.409854861647454	1	0
2.10090654117252e-07	0.00396777209365841	0.019501875059088	0.0491496580774604	0.117729130119647	0.373349370253264	1	0
2.23412364712643e-07	0.00381811731293906	0.0188097572222515	0.0461038224068303	0.110459764773589	0.347889914897762	1	0
2.19770318040616e-07	0.00393806432896979	0.0191428737826098	0.0468418455871768	0.110550623543335	0.343136847680489	1	0
2.30499829660626e-07	0.00361446782890827	0.0182306925275182	0.0446123200314955	0.106451044832678	0.334029289152355	1	0
2.10546262277479e-07	0.00342979861250013	0.0174734448526703	0.0432342011348444	0.105327030981882	0.332218841785011	1	0
2.20518690833457e-07	0.00340326495563274	0.0175083019774132	0.0427393890265048	0.103204952496966	0.326877942684105	1	0
2.23000543675325e-07	0.00348639049982004	0.0177040131623841	0.0431535042082433	0.104115162832767	0.329466355238974	1	0
2.27196255078688e-07	0.00330434233386444	0.0173100826744453	0.0420428941985663	0.102245585065572	0.326937228628273	1	0
2.14142483555999e-07	0.0033556127173225	0.0176155748398	0.0431642721254155	0.104214795189846	0.33199622766601	1	0
2.22673854281784e-07	0.00348373245023852	0.0179851445364854	0.044747424387196	0.106962944621235	0.335525408979501	1	0
2.11584281742244e-07	0.00349473758153665	0.0180119583204355	0.0443370630705238	0.106367861701743	0.336434242038454	1	0
2.17077014583234e-07	0.00364168399664833	0.0180692736168938	0.0438803818818841	0.105891904329818	0.332995489139637	1	0
2.16309006934002e-07	0.00359483938623617	0.0188515462633052	0.045950306033983	0.108538019336295	0.335816488629933	1	0
2.26307679321113e-07	0.00337243703724323	0.0182766081819731	0.0444776060630543	0.106530040194507	0.333970163142943	1	0
2.27178138556855e-07	0.00339358703376231	0.018300562129586	0.0447924864011166	0.107339398686729	0.335630710122513	1	0
2.26948139853614e-07	0.00342532827481059	0.0182409567407342	0.0444748000189729	0.106948403113456	0.337143263055816	1	0
2.25506549724983e-07	0.00355285569091711	0.0186069964309078	0.0451382930191516	0.107838585117785	0.337163411742712	1	0
2.12833430172544e-07	0.00351962643476336	0.0183566705189518	0.0462072018576102	0.110320293029067	0.341214768086053	1	0
2.23848857251584e-07	0.00323909296443042	0.0173838784053007	0.0430597900297719	0.104530700870772	0.335060774964744	1	0
2.10875169912668e-07	0.00327510226391365	0.0173400543467488	0.0446996315167281	0.10819920618151	0.34027028292278	1	0
2.18727060999478e-07	0.00316629293502844	0.0172249747807699	0.0426524330760811	0.104018278583034	0.334586785210901	1	0
2.26802524402818e-07	0.00333354350367261	0.0177962868797915	0.0443244709490914	0.107678580905677	0.339603440322132	1	0
2.25491752413664e-07	0.00323062033683056	0.0175831703779603	0.0444732873450421	0.10800355916182	0.343346144271427	1	0
2.18884812524064e-07	0.0032500016963573	0.0175635362417434	0.0441127318072246	0.106753187455361	0.33923950222967	1	0
2.23097806747772e-07	0.00316062662819568	0.0172233737787347	0.0434978255772265	0.105867717725054	0.3400637479673	1	0
2.0604583819344e-07	0.00297880468276256	0.0164638866550086	0.0427784127423691	0.105197320827175	0.339976663248366	1	0
2.16304889528767e-07	0.00296489112077081	0.0163980736751758	0.0414174113322997	0.10239332708068	0.332793941040478	1	0
2.18141807008198e-07	0.00290935728006834	0.01639161166221	0.0409306016743693	0.101508799622353	0.335770195459422	1	0
2.07613821682565e-07	0.00281877285698418	0.0162009369611773	0.0412105131487024	0.103039777770165	0.337490177271062	1	0
2.19165544721716e-07	0.00283446798988595	0.0162463034991313	0.0405557073885746	0.100990825511132	0.331845783726125	1	0
2.28068739005661e-07	0.0028522276500048	0.0160300393897519	0.040931724658085	0.101642254568958	0.336712019655876	1	0
2.22437888112408e-07	0.00287589945540532	0.0161423175403174	0.0403842659004719	0.100594420768403	0.336221318580659	1	0
2.18515805685257e-07	0.00264469679620866	0.0155967841465909	0.0389790679339418	0.0980495716216145	0.333724330948306	1	0
2.24282682304253e-07	0.00288853666539648	0.0161425217761663	0.0404514002977128	0.100617921218016	0.335895613456871	1	0
2.09765287327051e-07	0.00263129576423053	0.0158009897984848	0.039501530552419	0.0992336644758081	0.33479588683834	1	0
2.18356916608183e-07	0.00260652651355189	0.0154352137211993	0.0392439784804892	0.0995777413946631	0.336207856569202	1	0
2.17719350612847e-07	0.00260697150423823	0.0154935621476621	0.0397599078089182	0.10062008648248	0.338713396206327	1	0
2.21118350280212e-07	0.00235800608738818	0.0145447228447318	0.0380958172147269	0.0975235850360368	0.3364370979101	1	0
2.25175220097519e-07	0.0022776473512864	0.0142799369329244	0.0381082038988639	0.097545454995805	0.337415384781668	1	0
2.20351147181125e-07	0.00213872823454	0.0136600083160523	0.0363493455901455	0.0941300437551273	0.333227124080392	1	0
2.11278824241794e-07	0.00200714883029705	0.0132871139777422	0.0366032111845939	0.095671065914345	0.33702796613285	1	0
2.163458834138e-07	0.00167083925760477	0.0124742872917563	0.0340461353269462	0.0910716650065726	0.331912012994599	1	0
2.24532260009255e-07	0.00141028712511813	0.0120113532491951	0.0344293276852992	0.0933077486307461	0.336173516734277	1	0
2.20181627824793e-07	0.000919258296168509	0.0102329411531572	0.0305167332532606	0.0858278994342433	0.327804425870901	1	0
2.17486762124506e-07	0.000403437943740959	0.00883953195978844	0.0276506144762234	0.081627566534094	0.325174679930169	1	0
2.15811284254107e-07	6.25852724336909e-06	0.00798998117693979	0.0276083059720593	0.0828346294239695	0.328635697171879	1	0
1.822837677034e-07	0	0	0	0	0	0	0
5.71597110919563e-07	0.000563594751366689	0.0197401062256071	0.0434179449483391	0.154153453246786	1	0	0
1.83018148628672e-07	0.000319000633059776	0.0138859529727546	0.030758396094832	0.108757802749994	1	0	0
1.95315361064859e-07	0.000728526296771925	0.0966078604667061	0.205612386900199	0.393460841711548	1	0	0
2.08592074418977e-07	0.000636205826977881	0.0737754706567271	0.148531741247372	0.265817224115079	0.454179204788607	1	0
2.55640058797214e-07	0.00021013612833131	0.0188585671374704	0.0389782066849875	0.0883824375279606	0.231896721416246	1	0
2.91189225532753e-07	0.00112136970752663	0.0153235418044356	0.0321312750914116	0.0696393592322854	0.182928856939607	1	0
1.92891932294932e-07	0.000889231807879635	0.0140759029753581	0.0292401022327241	0.0625945893812991	0.162545787722429	1	0
2.60643100360105e-07	0.00105351941165554	0.0146825471294854	0.0304561462770782	0.0643157701586587	0.161087079817258	1	0
2.35994215309794e-07	0.000912589630602975	0.0132590989929655	0.0276181670234899	0.0584614309934035	0.146480429471713	1	0
2.93818384392602e-07	0.000979002856796151	0.0137556953021085	0.0287257419869116	0.060944103109098	0.1497518850653	1	0
3.23283630630348e-07	0.0010034723894766	0.0137573349014745	0.0287053234145605	0.0608154700269198	0.148913815493627	1	0
2.72589119605291e-07	0.000902269985893513	0.0130880939887284	0.0274022938374415	0.0585633190451203	0.146136662555114	1	0
2.47563173789596e-07	0.00121132660935249	0.0142014614644401	0.0297192163239196	0.063002599660888	0.156322033147224	1	0
2.01098399457839e-07	0.000989605223732024	0.011165787531497	0.0234555140175639	0.0495896587159063	0.1200298027828	0.354220150461822	1
2.01714126302493e-07	0.000810487359483418	0.0107495475047862	0.0227533534469212	0.0485003462422978	0.117911790815996	0.354654987149802	1
2.06228343446084e-07	0.000811302303116894	0.0105805451605013	0.0223906237046282	0.0476909231069372	0.116441265961558	0.35107096441035	1
2.04694881809175e-07	0.00102081337558236	0.0111448175349824	0.0235202606994015	0.0494751623230413	0.119468939598634	0.35568540034225	1
2.02660773831792e-07	0.000914608072302879	0.0108052644783897	0.0230013898475869	0.0487289724247591	0.118618972209939	0.356815907411588	1
2.07899386676019e-07	0.000975256022897207	0.0109034912336105	0.023354169702864	0.0494644615748919	0.12018268534906	0.349067020317383	1
2.07546214315542e-07	0.00100348594621564	0.0110377227697291	0.0237461925646984	0.0500761279514109	0.121177310051629	0.352013737899018	1
2.15082626141659e-07	0.00123263853041785	0.0116398415615343	0.0250418550790472	0.0522044248518511	0.124832665716862	0.357113298644807	1
2.04008647518551e-07	0.001154688944955	0.0109787253662108	0.0238614634397123	0.0501526698713705	0.12141044234583	0.353108775574779	1
2.04760811729191e-07	0.00121873635141214	0.0109659652721568	0.0239486197790344	0.0502120605346673	0.121477832492142	0.357945855917598	1
2.14894418074512e-07	0.00142303083648942	0.0112121162630376	0.024716296389258	0.051367502118859	0.12358599472907	0.360238257739208	1
2.06876534635994e-07	0.00156957226828328	0.0113918632562656	0.0251042606015432	0.0519593173157108	0.124765376150156	0.362838892209257	1
2.01526888624351e-07	0.00168395868134508	0.0114338295529912	0.0253811024609053	0.0520227556101559	0.124031134292077	0.358834142766081	1
2.06395111242837e-07	0.00181276826204584	0.0117973381635293	0.0263153766834617	0.0537335224462939	0.127586646731651	0.365832651541483	1
2.03803669403546e-07	0.00199584933446893	0.011898058219779	0.0265902647470807	0.0540526053955391	0.128392847061854	0.36757540684817	1
2.04137916392867e-07	0.00214508122545624	0.0119165508694336	0.0270644008174499	0.0542602664530568	0.128043874954094	0.370929209257491	1
1.95553083764577e-07	0.00227408681109826	0.0118321348862595	0.0267375820369631	0.0540191927529592	0.127863557137971	0.365381941572259	1
2.07751154005723e-07	0.00264155592318276	0.0124492801526389	0.0280515995696227	0.0563084572794031	0.132704581390773	0.375782157125937	1
2.11838869424427e-07	0.0027837745831064	0.0125275152211524	0.0283247633918708	0.0568802193125447	0.134235512710438	0.377723109226875	1
2.01708104571129e-07	0.00300020634739098	0.0128179449211816	0.0288174317757635	0.0575910928928351	0.134068720740979	0.377277864411409	1
1.8936894125908e-07	0.00290870693773947	0.0124854730350937	0.0282491118123233	0.0570335696215859	0.134392486446391	0.38002085709519	1
2.06339108833769e-07	0.00327295094432125	0.0130332034703762	0.0292774561524235	0.0584890901291291	0.136575237119745	0.383373937430967	1
1.83773160701727e-07	0.00319342621351391	0.0126654624624023	0.0287658290714806	0.0580552278778004	0.136145405735303	0.384051356512397	1
1.94878134907117e-07	0.00327629120405845	0.0127196958653875	0.0290787409001655	0.0585486022170896	0.137022909094027	0.382168494753491	1
1.78127477641884e-07	0.00318652244753567	0.0125285961399419	0.0288831923721539	0.0584536005530502	0.138025638600367	0.389643525947919	1
1.84612748913369e-07	0.00342696645807888	0.0132607337544473	0.0309289122764524	0.0625427378513734	0.145446415780402	0.400885291976139	1
1.88100286796507e-07	0.00318152825087612	0.0125015212610695	0.029650624408307	0.0610142781284699	0.142568731374545	0.401633237170197	1
1.82489744076383e-07	0.00329156751390572	0.0126684380337825	0.0298467451129247	0.0610909966859862	0.143264486035885	0.405612289589325	1
1.80322976483179e-07	0.00325609198635676	0.0129095022094073	0.0307183796898625	0.0629743734001971	0.148176799465523	0.414081962202501	1
1.73908295025684e-07	0.00327434537874357	0.0130333832624048	0.0315499211586745	0.0645570199213691	0.151040049862986	0.420900333677846	1
1.72010783700052e-07	0.00304063462346581	0.0122241183544279	0.0300096893674458	0.0625290160690754	0.147946647071198	0.417912583775702	1
1.8055384530941e-07	0.00311491493927794	0.0124477432033213	0.0308404023173003	0.0638714644397396	0.151092693816428	0.421339008983276	1
1.83630818319525e-07	0.00302348142363097	0.0120022939161824	0.03025336094896	0.0634732777678719	0.151986637552613	0.433042970162379	1
1.75891161363607e-07	0.00305769194914494	0.0120105520625525	0.0303308477567017	0.0646269858551846	0.154944282956815	0.443599443761791	1
1.77754077234147e-07	0.00304688263787051	0.0120460383060036	0.0312466782206817	0.0661709105452606	0.158335333066702	0.44575709905346	1
1.71048179825004e-07	0.00315960197772747	0.0124158742289576	0.031348513061068	0.066940047270875	0.162217475445179	0.44669026903484	1
1.75773027804656e-07	0.00307005170363613	0.0122754609427938	0.031595201747887	0.0681846425347877	0.163442022585076	0.457420302312031	1
1.70099096331541e-07	0.00315720932700973	0.0126332598845435	0.0330443009488468	0.0704696742228087	0.170492365442259	0.462918226900628	1
1.73609362961276e-07	0.00302010847807435	0.0119491852338987	0.0312868377367033	0.0678908094328217	0.165566562003369	0.458959614642769	1
1.54975592119119e-07	0.00285604518716325	0.0117604777835515	0.0314958445619607	0.0688754924543159	0.172294734440799	0.481157680071177	1
1.63798875946594e-07	0.00315493014960734	0.0125448645121218	0.0335284833141361	0.0726077829363504	0.177964857933959	0.483949675743745	1
1.69586867735641e-07	0.00308088462615338	0.0123627130710605	0.0319822177993967	0.0724939766984252	0.179064229839047	0.487620582622468	1
1.56264796322902e-07	0.00306825927580018	0.0124396153760809	0.032242427954897	0.073451798717191	0.184046333137169	0.500909148585007	1
1.50653799827803e-07	0.00307695320768304	0.0124322528693899	0.0319060643427314	0.0730844181034645	0.185565407477099	0.51100608867332	1
1.63056646857458e-07	0.00293257379373138	0.0119168319789305	0.0306231796763586	0.0707326689535905	0.179463732777549	0.502607764953191	1
1.50928907051338e-07	0.00300378710813573	0.0122439566556328	0.0308842803921012	0.0715448298095458	0.181277540752314	0.50427551407895	1
1.59534745630622e-07	0.00301377087970809	0.0123704837109441	0.0314607304425956	0.0739888647938245	0.189529989899855	0.520413348144539	1
1.5460005506854e-07	0.00293662804602691	0.0120150524797617	0.0306327641113906	0.0719360240236118	0.185983711647398	0.52176173565153	1
1.62653066701583e-07	0.00322069337375804	0.0128320257382213	0.0322297051669186	0.0755123368284766	0.191950787688139	0.527110606525153	1
1.50438920594727e-07	0.00294123133654751	0.0122320381946367	0.0306854779504683	0.0727694120365579	0.190647182218842	0.539029121364493	1
1.5205284262029e-07	0.0029668550652071	0.0122843491552932	0.0309596313387599	0.0736236822910593	0.193520541806853	0.54151567185841	1
1.44962684430587e-07	0.00299565387375809	0.0125453606359919	0.0321704088542048	0.0763731554042016	0.199815694443015	0.548548655347884	1
1.52624779915067e-07	0.0029122334255594	0.012395726750362	0.0316412536233123	0.0752191386590021	0.197761879702369	0.549877320201904	1
1.43905887851839e-07	0.00282285789610168	0.0119716747162823	0.0304294756098228	0.0734479821948123	0.197054937223935	0.551795902308625	1
1.4453204210334e-07	0.00283253896114126	0.0119805500340301	0.0301704856609038	0.0731332133042901	0.198547135006369	0.562805459437733	1
1.44198581057123e-07	0.00290488041539574	0.0123082140847118	0.0312709042880476	0.0755104521620486	0.20408482856447	0.569157999971449	1
1.44179287520749e-07	0.00292756043310881	0.0125953583785251	0.0315496000538654	0.0758805497671577	0.205326444254737	0.57104052317473	1
1.44625123003667e-07	0.00287384581920587	0.0123796212788679	0.03084072898004	0.0748429226539057	0.206611884598408	0.579084343636234	1
1.42535602899231e-07	0.00283346525003382	0.0123474316723517	0.0307876902262339	0.0749299686949055	0.207455153666921	0.578786340699146	1
1.31250424102933e-07	0.00283015289493154	0.0122452708175313	0.0309057998643658	0.0753264558986106	0.210067222529713	0.579536903878621	1
1.33630706198193e-07	0.0028617015732343	0.0124173661120547	0.0310104753110589	0.0754011259723304	0.211422485504409	0.585573362589549	1
1.38674771190094e-07	0.00307802522133534	0.0132471848674761	0.0327420842013796	0.0784736955453642	0.217607896252411	0.592473121709161	1
1.28322559798954e-07	0.00320062128650552	0.0139245376089041	0.0355431675807938	0.084091569952092	0.227598281606937	0.60057331953267	1
1.30362748688127e-07	0.00299482342561234	0.0131095387335754	0.0323449533907546	0.078912482663384	0.221389841587099	0.593163933894093	1
1.30592237101176e-07	0.00300793099715139	0.0132922002611061	0.0327556672786654	0.0804691082104254	0.228611244278917	0.60715700308054	1
1.37377526218157e-07	0.00255961806849671	0.0117794359855759	0.0291769259058434	0.0718231687472722	0.210789740811195	0.598502090405128	1
1.2521722057339e-07	0.00244499144891601	0.0113951427238402	0.0286699852569244	0.0713339966506898	0.209498928265809	0.60111252996135	1
1.27328958055677e-07	0.00245719423255845	0.0116008140394946	0.0290159776196437	0.0718042373294635	0.211238614085409	0.60279909795073	1
1.26401220732429e-07	0.00258212413712207	0.0123629241961767	0.0308777958054008	0.0743491980348149	0.215052464090677	0.605465260141296	1
1.2950643543379e-07	0.00261706604724602	0.0122662020321114	0.0303217302474195	0.0737214088642493	0.21305181397074	0.604983614845789	1
1.21065038196625e-07	0.00255338272060502	0.0122146148987721	0.0311230368244737	0.0761813859356082	0.220571903976539	0.609253630407567	1
1.31001472194545e-07	0.00262906854547231	0.0126276249092487	0.0311425869803925	0.0755219557157383	0.218759882423559	0.608621442687773	1
1.27789272422832e-07	0.00210992867697338	0.0105737955573548	0.0268785566150564	0.0672741513099103	0.206611868070866	0.602811645129702	1
1.27531744245289e-07	0.00209598421667133	0.0104922916625485	0.0260804967616502	0.0650966658738443	0.201252489260233	0.60028987965467	1
1.21347986830831e-07	0.00197421039775079	0.0101949297656054	0.0256591531633661	0.0644616281283663	0.199724467261102	0.599640106140657	1
1.2211890962468e-07	0.00201545048444571	0.0105101639568481	0.0262134345454856	0.0649863104702311	0.199761746007322	0.599739398246861	1
1.25455371635193e-07	0.00202359514447566	0.0105302220735715	0.0263968138350177	0.0659743453801436	0.201934220737723	0.600871638831047	1
1.33072033089159e-07	0.00207459299586	0.0108144979850898	0.0266684338632661	0.066949870567487	0.205807077223165	0.602841859724245	1
1.15390096414195e-07	0.002030634916697	0.010502229625138	0.0259274623236911	0.0657892019101677	0.20362278746702	0.601777584435261	1
1.26385085751017e-07	0.00208118320706199	0.0109359750849497	0.0267859286889848	0.0668526549588579	0.205751380820254	0.602852056399092	1
1.29353321353491e-07	0.0021006979387807	0.0112005747426774	0.0270900780310976	0.067310811712788	0.208495305250555	0.604233035699964	1
1.23042667998152e-07	0.00211264260952828	0.0112782139913786	0.0272573961562947	0.0681645306869644	0.209478665754838	0.604730104677319	1
1.18908821310363e-07	0.00203928628547273	0.0111858717294872	0.0269735148436854	0.0671472168498556	0.207185065527679	0.603586884594827	1
1.24018071417295e-07	0.00203550860617206	0.011297302197687	0.0269869524307604	0.0671525612026082	0.205982358925413	0.602987644947671	1
1.26442215717754e-07	0.00203736342186016	0.011394972480484	0.0272503205626274	0.0676725060632204	0.2103343498866	0.605164835762309	1
1.14658347362738e-07	0.00206694602790807	0.011444737600359	0.0275175447336676	0.0681419144710644	0.212654314370027	0.606326067930714	1
1.26466201717892e-07	0.00201055967491104	0.0114000428214559	0.0272494195517507	0.0674765477913879	0.209328501144077	0.604663744707231	1
1.22061670438372e-07	0.00213827634273941	0.0117965280778461	0.0286406724133301	0.0700880552890542	0.214208710809049	0.607104111281184	1
1.70792034396149e-07	0.00278066511200371	0.0189777276939625	0.0464238368293893	0.12946224078466	0.469972027680607	1	0
1.91155356354683e-07	0.00312959549423886	0.0188850022757045	0.0455930375102244	0.117491537074486	0.415409453817535	1	0
1.95085560625179e-07	0.00343506655148815	0.0197457801042381	0.0470203021641231	0.116493196586159	0.376386570622143	1	0
2.08911626830353e-07	0.00355922738630873	0.0202963912814493	0.0484902687919664	0.116829022337458	0.361002215925626	1	0
2.04773726056576e-07	0.00330074769030595	0.0195567099333072	0.0465147614212034	0.112313474172607	0.350698350076657	1	0
1.90955251737263e-07	0.003197163779837	0.0190544697946028	0.0458346071639918	0.111706912713782	0.351498779127598	1	0
2.16078346551206e-07	0.00325738107425943	0.019660104439308	0.0465158338971178	0.11263624009848	0.346368835797959	1	0
2.16184618204993e-07	0.00332924312035689	0.0197878104735394	0.048048328503769	0.115804262987723	0.350232268753799	1	0
2.15691421499215e-07	0.00327829391536657	0.0201138721290663	0.0479279280056546	0.115766331129902	0.353009423773897	1	0
2.17503365864587e-07	0.00319055687386762	0.0193106013315556	0.0458577571487919	0.111811085276545	0.347141897020856	1	0
2.35786884496022e-07	0.00325881053061952	0.0200126476084844	0.0471762398499641	0.113906286031183	0.349262152102347	1	0
2.27273037190505e-07	0.00325659534990275	0.0197468451093342	0.0468037001868639	0.113401745547835	0.349582749431022	1	0
2.09352575068076e-07	0.00324349944552971	0.01974320394437	0.0464471716571785	0.113053740177962	0.351911629765833	1	0
2.17316235761169e-07	0.00357137501849904	0.0226011058353973	0.0518992461082465	0.120607685736384	0.357653410593602	1	0
2.20289839747953e-07	0.00335126933208561	0.0211086130243284	0.0489124951481163	0.116403354221216	0.355077482545335	1	0
2.1814699398896e-07	0.0032008708428	0.0202492765700312	0.0469956250620355	0.113252538958326	0.347643412560686	1	0
2.24458628234561e-07	0.00317047812381318	0.0205029489374577	0.0475648034505576	0.114698583486489	0.352433715122496	1	0
2.09723626205387e-07	0.0033132138467927	0.0216776631754674	0.0522922792344249	0.123364260577411	0.361417144486995	1	0
2.09793187973228e-07	0.0032113043283062	0.0204015483576445	0.048522017480388	0.115519891646014	0.356215616207699	1	0
2.21251469109755e-07	0.00339333378173631	0.0211969969980601	0.0506320711969527	0.12098384333272	0.358266972642698	1	0
2.10922183424258e-07	0.00321951620778788	0.0201738631557966	0.0482594174118372	0.115759789162185	0.352844971140572	1	0
2.24585359280428e-07	0.00322953746645256	0.0204255892558364	0.0483992678517287	0.115600821982415	0.353957081737842	1	0
2.22304820813422e-07	0.00307536489113288	0.0195923907727493	0.0458119105587676	0.111595019304951	0.3496490251489	1	0
2.10462601006264e-07	0.00332025799347482	0.021301551235647	0.0491880563315779	0.118660287685539	0.364584363723151	1	0
2.26944895056142e-07	0.00300293485138287	0.0192732952126428	0.0454754450162447	0.111127652872351	0.348239452282112	1	0
2.26366284643379e-07	0.00313992673428831	0.0199136684263627	0.0470309911289317	0.114295506244427	0.354337709974536	1	0
2.0843142637337e-07	0.00299703547982269	0.0194889636601892	0.0466721734249515	0.112768696767916	0.353386937727568	1	0
2.29425889243275e-07	0.00295913511945977	0.0191572911777027	0.0454703758409032	0.111185751000412	0.350307866600776	1	0
2.24975775733348e-07	0.00298677839863593	0.019245777710885	0.0453974118336808	0.111415428343753	0.352317014265489	1	0
2.07271240949501e-07	0.00287443756948768	0.0191893787583458	0.046335693185502	0.112104930651188	0.356239361803558	1	0
2.2088610670566e-07	0.00295766496878879	0.0191786571008257	0.0452410088310265	0.111042096474216	0.351342545756557	1	0
2.14844140244239e-07	0.0028885794655838	0.0192919295732315	0.0457976808434437	0.112518602816993	0.358270221076769	1	0
2.15745029072721e-07	0.00277059766335189	0.0185719793376671	0.0442154334932507	0.10916396428039	0.349068553198733	1	0
2.12117464712669e-07	0.00275116351732332	0.0185055518564627	0.0438779823980685	0.108850834544347	0.351223461718843	1	0
2.27794116943577e-07	0.00272487322687907	0.0184697747959022	0.0445483286859537	0.109963509660407	0.353890005965928	1	0
2.07713913134872e-07	0.00274036965598837	0.0181595965697294	0.0431189157998419	0.107510644299479	0.348969136620503	1	0
2.16052016683537e-07	0.0026390753837894	0.0180139850470399	0.043350621095535	0.107355382881983	0.349324999486876	1	0
2.197480544606e-07	0.00253962826540115	0.0177004860387469	0.0420540641743428	0.106236977180923	0.348794879694533	1	0
2.18824509745568e-07	0.00259810340420913	0.0178523599785727	0.0427438667866409	0.107537585297794	0.348334045242405	1	0
2.32223899136801e-07	0.00244438876231396	0.0170440730771455	0.0414127201569648	0.104948946736894	0.345362453900653	1	0
2.24695015837628e-07	0.00229997818211396	0.0164478998543302	0.0398822418360998	0.10271887710014	0.342383973672934	1	0
2.2473899936309e-07	0.00225682903160415	0.0164025758685151	0.0401529933212064	0.103250714782387	0.345583181971617	1	0
2.42611097080103e-07	0.00223978564824351	0.0165453489875718	0.0407807419192915	0.10439458462918	0.348582411229206	1	0
2.41512875292895e-07	0.00192099341007968	0.0157104125378028	0.0400597406248324	0.103959458682702	0.350719925729961	1	0
2.21244518113952e-07	0.00162570471910132	0.0148939597149132	0.0384109245233176	0.101320475781911	0.349818999859731	1	0
2.38276555207248e-07	0.0011046501099408	0.0132581840848417	0.03591137446495	0.098063907678319	0.344621288008685	1	0
2.39452706893125e-07	0.000548346698785256	0.0122477665048765	0.0345554201317469	0.0972659289926943	0.350167018263058	1	0
2.41830950492368e-07	2.66014045541605e-06	0.0103984890402213	0.0312825262628412	0.0914890015283716	0.340735456286637	1	0
1.98317867844939e-07	0	0	0	0	0	0	0
2.45346994253973e-07	0.000397952824679945	0.0179704405941323	0.0391294107255892	0.142938422811382	1	0	0
3.90491531214917e-07	0.00044398887099136	0.0113488553716991	0.0274242202372236	0.0973628154439401	1	0	0
2.51443790243579e-07	0.000618551723999203	0.0463104143994818	0.108533700508319	0.245814215223815	1	0	0
2.08384170388234e-07	0.00044615050880121	0.037236375790844	0.078846735318137	0.156905986856377	0.321866021898259	1	0
2.43582336188443e-07	0.000205827074079234	0.0150541191234543	0.0317614315626197	0.074662126941473	0.207737977506633	1	0
3.00448810433025e-07	0.00217945567088116	0.0154662034146608	0.0334288359952096	0.0708428250120029	0.178810607285163	1	0
3.22486187916572e-07	0.00252280944807134	0.0165832072412339	0.034954922880653	0.0713278175295752	0.167775374180724	1	0
2.88400281132594e-07	0.0023138354555268	0.0155173771263392	0.032758522733008	0.0675240230224176	0.159519098299217	1	0
2.96253372474329e-07	0.00233418032172524	0.0150514488419308	0.031874492851258	0.0652501015408434	0.152518346230724	1	0
2.96273998934599e-07	0.00227479176381985	0.014704671115122	0.0314260793409918	0.0650457713700954	0.151862645003902	1	0
2.56281589909476e-07	0.00196567979460568	0.013512703109567	0.0289267593346725	0.0605688221144359	0.144654555482145	1	0
2.69567791177693e-07	0.00224199531922487	0.0143636501851122	0.030824807353378	0.064116159996032	0.149868639615359	1	0
3.07172949121409e-07	0.00282476244012047	0.0164343671238936	0.0351104824304752	0.0721665983206855	0.164293909221178	1	0
2.23766659707524e-07	0.00205977210260775	0.0128072847683601	0.0275147960109565	0.0566210205057529	0.127231485043101	0.343205918359629	1
2.16847018331813e-07	0.00192972161613481	0.0124446335350444	0.0267092640949478	0.0551036463693521	0.124907568958436	0.339151989376231	1
2.19561189398093e-07	0.00192972329361984	0.0123511951484003	0.026750457071506	0.0552606970760378	0.125649599223983	0.342937671628237	1
2.15839465512415e-07	0.00199608337705881	0.0123114831128281	0.0266037250006637	0.055069928749234	0.12593628462146	0.34560258385741	1
2.23986087776116e-07	0.0019872045707497	0.0124191326228345	0.0269865158135298	0.0558303242668991	0.127037069473541	0.345446575622295	1
2.17972010214168e-07	0.00217928415812126	0.0126449922565443	0.0274697046152304	0.0564381847726933	0.127682336311194	0.346558930367751	1
2.1615924365016e-07	0.00200293155166238	0.0125765771140536	0.0274033719545054	0.0564476087275592	0.128202318134961	0.346649823538401	1
2.23375534928562e-07	0.00209414563995527	0.0124878092801813	0.0274066145069901	0.0565050753155291	0.128567139761158	0.350202802648162	1
2.1403417826179e-07	0.00230793054419688	0.0126853776772198	0.027824657208211	0.057039252370054	0.129426895663261	0.353972292419487	1
2.17723948676369e-07	0.00243045243907431	0.0127490435386935	0.0281271037576541	0.0574486410977467	0.130200227652161	0.355116904697002	1
2.09602256661736e-07	0.00242761333665623	0.0125319093235485	0.0277607708835636	0.0567703520123179	0.129382232980873	0.354942767055807	1
2.25686051744395e-07	0.00258072000169716	0.0128828368917253	0.0286440736873986	0.058203981372776	0.131737010752135	0.358506806917007	1
2.06213288879247e-07	0.00268056654214134	0.0131190832252088	0.0288628491912727	0.0581187409111493	0.130744999121531	0.35690859884669	1
2.23639350238232e-07	0.00289680050363582	0.0133570838323286	0.0297277079091174	0.0596448383478867	0.133791123083271	0.361738214485792	1
2.10348206213602e-07	0.00282203153456168	0.0129479838334783	0.0291860239603435	0.0587092360952473	0.132696693452407	0.361984652153482	1
2.13264178868932e-07	0.00300489228026325	0.0130451565572337	0.0293033512333067	0.058791389245514	0.133351105348239	0.368170321303812	1
2.14921621308533e-07	0.00326809817361755	0.0135162058424723	0.0303161991369178	0.0604858217281031	0.136050544407213	0.37257608708968	1
2.18396068696047e-07	0.00321653729975537	0.0132203876224465	0.0301032773169257	0.0605708392764364	0.137427036603399	0.376923878268652	1
2.0870430523589e-07	0.00343151618668851	0.0132771417861916	0.0299720252749262	0.0601901129257255	0.136499085457734	0.379640644579073	1
2.1586928510353e-07	0.00363048963687116	0.0136753192113086	0.0307130184073898	0.0613845899120397	0.139334772893639	0.381257322016314	1
2.06441128357662e-07	0.00367816158394846	0.0134905148559165	0.030652585179674	0.0616823383008574	0.140424145684679	0.385239996069361	1
2.18054997395333e-07	0.00392171912815507	0.014036418237335	0.0316432690020212	0.0633068171188001	0.143242290283971	0.389599954121229	1
2.05007135273343e-07	0.00383486347242316	0.0137963651824902	0.0315110317414598	0.0634421231030946	0.144189718523153	0.393488645372302	1
2.03212835572976e-07	0.00392546234476317	0.0139021965072184	0.0316877903022364	0.063637725162362	0.145308963779141	0.399171176128832	1
2.03765338945302e-07	0.00378025456811325	0.0135542665813026	0.0314167437239257	0.0636813550232028	0.145866029180012	0.399370487361862	1
2.08222801729415e-07	0.00398205286027334	0.0141689369892815	0.0327192981725534	0.0657848708643828	0.149781740859227	0.412105823825186	1
1.98016821925056e-07	0.00356747106380181	0.0131338617478232	0.031317944522023	0.0639368595640937	0.147069667862424	0.415270384049666	1
1.84883346004005e-07	0.00355863464388509	0.0131455756675768	0.0313136923126984	0.0644061472973013	0.150657186341706	0.420361498708775	1
1.94542385727748e-07	0.00359300332200578	0.0131701304289971	0.0317825840987279	0.0655436642603071	0.152375129078873	0.428822388249017	1
1.89771613658394e-07	0.00365234447646946	0.0136624175537224	0.0330303186720845	0.0679477262703881	0.15808430869617	0.442772282413561	1
2.05899048931703e-07	0.00352066783768319	0.0132934602961775	0.032589495565861	0.0674027008601845	0.157797119019328	0.440271053743976	1
1.87023032821607e-07	0.00368061328592923	0.01314977646072	0.0326430001486833	0.0680649755420629	0.158859421332034	0.43770010295618	1
1.93046578085314e-07	0.00344510923251051	0.0124710019908894	0.0320243037919946	0.0677398512035585	0.160185803470476	0.446366351827002	1
1.86233923589339e-07	0.0032928020029831	0.0121700144387161	0.0313306916672052	0.0669222292722109	0.160626200394034	0.457910853917924	1
1.79787950899191e-07	0.00325506085102986	0.0120391405560626	0.0313066556780271	0.0670504779842463	0.162514284152699	0.464215725404829	1
1.85031677423175e-07	0.00342549144413524	0.0123695526674167	0.0320524823849843	0.0690116347918764	0.167155767067322	0.46991255402925	1
1.87107051802833e-07	0.00328466429439873	0.0121333309882583	0.0319648074088405	0.0688058116947146	0.168339653185853	0.473637177722136	1
1.827398885908e-07	0.00326647550856054	0.0122156133326292	0.0323932036111595	0.0699290731670413	0.171672247238298	0.484265638742611	1
1.73620816997061e-07	0.00324601479457706	0.012051889011851	0.0322722902217798	0.0701103429740343	0.171567056352803	0.482679066433922	1
1.71787715735308e-07	0.00323321659785423	0.0120862965282733	0.0324726883300138	0.0709215277150275	0.174163368056212	0.487881063805737	1
1.75409730819735e-07	0.00323560789470084	0.0121043238849467	0.0325241214691337	0.0711903900726512	0.176008930460215	0.496675283962043	1
1.6057851944357e-07	0.00323019749712685	0.0121402178054922	0.0318279471818711	0.070655030290729	0.176126695167213	0.506763005214145	1
1.6675104269427e-07	0.00331651148814634	0.0124964898905513	0.0329721839250661	0.0733187659622436	0.1820486166	0.508730584342344	1
1.75514837673347e-07	0.0032043743914023	0.012286740696485	0.0328200460410522	0.0735312391838981	0.185719972395026	0.519016681632232	1
1.53250481014947e-07	0.00303206076688073	0.0117078769980989	0.0314296813999125	0.071502689929068	0.184024556857078	0.532084750581011	1
1.53235475115785e-07	0.00306900009561894	0.0116645908367638	0.0296351279454923	0.0693716916460922	0.182346690971856	0.530456316856638	1
1.55695698984163e-07	0.00315408347002118	0.011847041431404	0.0304204484503218	0.0711445268680175	0.185315560150309	0.526562698268742	1
1.48755356494443e-07	0.00305409622418741	0.0117693750504838	0.0308359441138026	0.072692726324209	0.190166913922862	0.54497893401019	1
1.46093638717736e-07	0.003205878808022	0.012243815673656	0.0319007147631274	0.0741590302304262	0.192829139837179	0.540960054346834	1
1.5499423188966e-07	0.00324712915808838	0.012494860003785	0.0329751778287571	0.0771958071580366	0.201110130686487	0.552225693920801	1
1.55237849223066e-07	0.00304017803918452	0.012057634224854	0.031970303620395	0.0759296263362874	0.201776914517347	0.558709402197671	1
1.52829298232315e-07	0.00304115020552484	0.0118940929642282	0.0316653136179463	0.0752146334664375	0.201183112729336	0.561633305049725	1
1.4860426416964e-07	0.00308859102650179	0.0123512434164596	0.0330604364626122	0.077964038362488	0.209583578158859	0.566655848276235	1
1.56732835090099e-07	0.00307055297225014	0.0120701523631236	0.0319253813780076	0.076103665604854	0.205807296352325	0.567575518581931	1
1.43940148534718e-07	0.00300906880511828	0.0119510626525406	0.0323188815505003	0.0772225942275394	0.20894222415166	0.572073999054601	1
1.45856323936394e-07	0.00302389330784932	0.0119794715975439	0.0319680597987591	0.0764010010411224	0.209491104368659	0.579440355119309	1
1.48801707291269e-07	0.00311129489775314	0.0122661711371412	0.0325270116019203	0.0775140829655823	0.213517355412729	0.58265138750896	1
1.47085450321963e-07	0.00307511550988127	0.0121239594991387	0.0326003133802605	0.0782663743980712	0.217660726522698	0.591496784197257	1
1.50430728304354e-07	0.00306021230589547	0.012247317744899	0.0330392512882135	0.0789362682167851	0.218256182928579	0.593844404683932	1
1.38255200020019e-07	0.00310770038605	0.0126166165330269	0.0349218809730567	0.0840044125529638	0.229897659353289	0.598945997657127	1
1.41965417508226e-07	0.00330225757665884	0.0130004831083158	0.0345501236589769	0.0814550717074422	0.223373924558725	0.595573745426762	1
1.32367001277209e-07	0.00337535853256883	0.0133443144997593	0.0364530779497357	0.0868973479344725	0.235182804785279	0.600819510578308	1
1.39381855409445e-07	0.00329484768002386	0.01306690956278	0.0350461737241508	0.0826828498292921	0.230653972696488	0.60694609476433	1
1.3572655442533e-07	0.00320545403586303	0.012850182993327	0.0355086454422005	0.0852977603082622	0.239938624452089	0.609655315628709	1
1.39963556289213e-07	0.00329040324480312	0.0132318746844697	0.0360672088201674	0.0855068157353188	0.239723560779244	0.613773925545267	1
1.32274782341846e-07	0.00289774365676281	0.0119204711098648	0.0332558644024751	0.0803183060362274	0.230031666582893	0.611363594276206	1
1.32383122581609e-07	0.00279050384089773	0.0116265477407298	0.0320282431449041	0.0765564978733313	0.219027082012536	0.607641180312035	1
1.32697640861531e-07	0.00284012760735936	0.0118476434690401	0.0326295537020054	0.0776814643556222	0.219154798300249	0.608245247533516	1
1.38355049772537e-07	0.00289701638718716	0.0118714166906828	0.0324668110447729	0.0772242545810395	0.220894490300688	0.609459113384869	1
1.42842532106716e-07	0.00294898407534315	0.0121896103198587	0.0328626386215353	0.0775604952407725	0.220902547682266	0.609742632039351	1
1.38444616269596e-07	0.00291772028788174	0.0124420176641486	0.0338051295114774	0.0798315959687697	0.226288694404969	0.612693156198062	1
1.33797020286839e-07	0.00306943744240038	0.0127476449048489	0.034737185188991	0.0817519863505632	0.232747275625073	0.616087780478694	1
1.36451523549486e-07	0.00253254027707846	0.0111300778728845	0.0312991140202576	0.0749323541572003	0.218938652759527	0.609286754241255	1
1.44504849076968e-07	0.0025786890317785	0.011309816517858	0.0313663670454958	0.0743338723845887	0.214763829222435	0.607256195392521	1
1.42007209422008e-07	0.00241611066110604	0.010793683973748	0.030185052434742	0.0719191251901476	0.209593552645481	0.604723358595469	1
1.48269707342286e-07	0.00257618616507222	0.0113208369647056	0.0311141015463641	0.0733631098444265	0.212481017770718	0.6061938780624	1
1.3521427202867e-07	0.00250038231835416	0.0112031785089354	0.031353755826552	0.0742550809128965	0.214802879901737	0.607376019667727	1
1.39591811209334e-07	0.00247663791447601	0.0110545547132896	0.0302714614034226	0.0721473296644883	0.21192926492069	0.605949765932451	1
1.46783604271403e-07	0.00261891306741037	0.011701442148912	0.032274191772779	0.0755699240394848	0.217306374078015	0.608642178268687	1
1.35974039836314e-07	0.00251157648981656	0.0113849703814548	0.0313469112477046	0.0740785209287843	0.215497777164384	0.607743449620598	1
1.33494808653881e-07	0.00242172932379006	0.0109553849669894	0.0300575576216992	0.0712460458837677	0.210547211240049	0.605271736692704	1
1.42013683018359e-07	0.00257328793629266	0.0116380213233545	0.0316873710782034	0.0742309781547452	0.215445692192443	0.607721567973074	1
1.40751975876237e-07	0.00254901828311866	0.0116614419533221	0.0318131838434748	0.0745140960288801	0.216565353394431	0.608281621057396	1
1.3546877275452e-07	0.00250847526509545	0.01152988271791	0.0320715546057689	0.0751208212117004	0.217135716003265	0.608567045188996	1
1.39963203673754e-07	0.00257196383070891	0.0116935057773311	0.0322790138472596	0.0756116217046538	0.218342037878242	0.609170669031112	1
1.45726157816183e-07	0.00275713890588218	0.0123953212576867	0.0337431832946528	0.077639108004359	0.221583909267397	0.610791808907541	1
1.42748715011755e-07	0.0024871108616498	0.0116639975036105	0.0323221632939666	0.0755593215838769	0.218244513417451	0.609122042585653	1
2.31422982894139e-07	0.00418505322265761	0.0194390677171419	0.0532571396304453	0.124205640611216	0.359823165070311	1	0
1.78045621697921e-07	0.00431333323125384	0.0221216343591016	0.0660226993924015	0.162620817307744	0.489306223869579	1	0
1.95083657724942e-07	0.00431173900303667	0.0210138263591576	0.0604382827487912	0.143267877563936	0.438144629561495	1	0
2.22426854928757e-07	0.00457843438185353	0.021102080580801	0.0583378930838594	0.135658138821049	0.3930524971863	1	0
2.12957120444927e-07	0.00448019189992037	0.0203906442826018	0.0562392070669394	0.130623638538509	0.373627943892613	1	0
2.27330851638203e-07	0.0045611662072689	0.0208307805973118	0.0564862606916541	0.130023017248728	0.367696740643915	1	0
2.3182573196077e-07	0.00424982931830484	0.0202302724995566	0.0561433239405274	0.12938240465877	0.365157983440688	1	0
2.40320953439738e-07	0.00427002270071726	0.0201946503594481	0.0560957169519036	0.129488294206679	0.364349876547126	1	0
2.19610419899515e-07	0.00418709226580415	0.0198005146789801	0.0545033532315014	0.126897928151377	0.362690561451607	1	0
2.41746356338481e-07	0.00429559100577846	0.0205269248630567	0.0569726055446461	0.13135578367279	0.366445895835846	1	0
2.18332650316026e-07	0.00398806419067252	0.0194217809088621	0.0539563295399491	0.12598012255885	0.360615235208673	1	0
2.13894867250429e-07	0.00403127656306883	0.0195159815827964	0.0544858673244362	0.126811636051894	0.361512698724374	1	0
2.09971901560133e-07	0.00404384885214661	0.0197201410507246	0.0545662379460381	0.127457983572638	0.364670169837872	1	0
2.29086204909821e-07	0.00414600213645795	0.0200548936364205	0.0554702463982494	0.128653667246331	0.365535675709234	1	0
2.25031363746322e-07	0.00431137589801579	0.0204211461972512	0.0562207107615624	0.129278268158625	0.365986059307016	1	0
2.23712045014443e-07	0.00412860579074154	0.020662491901624	0.0564537345593947	0.12987625144518	0.367950833461595	1	0
2.11745389720566e-07	0.00402612684014684	0.0203921397570391	0.0564498386817748	0.130031785100451	0.369336049038538	1	0
2.18151086643285e-07	0.00400634470620393	0.0200698999711822	0.0561780496812922	0.130307315980287	0.366516731424817	1	0
2.18074826706839e-07	0.00408650417765946	0.0201743202934764	0.0563182601466946	0.130267870032637	0.367399819695733	1	0
2.16501295760255e-07	0.00421549672974793	0.0207064004278066	0.0576885022656861	0.133159338458641	0.373827374856838	1	0
2.19138024961574e-07	0.00405317690968927	0.0202720204131453	0.0564729647227225	0.131146438108628	0.370052466025936	1	0
2.20189724274023e-07	0.00386410947128484	0.0194735792147946	0.0557454324944545	0.130015426492083	0.369240992809044	1	0
2.29976889622362e-07	0.00386867123722737	0.0194548949776037	0.0542359098334208	0.126880779750443	0.366662734061854	1	0
2.11273646274675e-07	0.0036415125671903	0.0187744100289065	0.0529111606993834	0.124052067967577	0.365044732969126	1	0
2.19522823239125e-07	0.00378062206182421	0.0191992465976706	0.053640182335657	0.125496807589343	0.365344370940886	1	0
2.13444210485874e-07	0.00354722933406474	0.0188253524764331	0.053957415745566	0.126550645508654	0.372667828514652	1	0
2.23103281871587e-07	0.00364483831593611	0.0188051525256742	0.0535276086964767	0.126151296598188	0.367697857472253	1	0
2.13723118707591e-07	0.0035392548457977	0.0184325503729362	0.0530133784260617	0.125473850869565	0.36707052499588	1	0
2.26646975577428e-07	0.00342372921307263	0.0181492098633137	0.0524968790711463	0.124738562713671	0.367258759225665	1	0
2.16060605864187e-07	0.00348095242107792	0.0182834805894393	0.053477160557445	0.126858904430128	0.370702527541786	1	0
2.32540185269416e-07	0.00354833068702603	0.0185915878122898	0.0536626009340674	0.127248314781277	0.370425585745473	1	0
2.28890881765499e-07	0.00332006224000857	0.0178010727657847	0.0514441412403231	0.123050364691842	0.365826454017882	1	0
2.26283610753269e-07	0.00335918020163227	0.0178202869140414	0.0513256485910564	0.122988762982174	0.365596925982405	1	0
2.1932821084986e-07	0.00322061544811934	0.0174210204595935	0.0498434325566848	0.120486198004684	0.362740786734679	1	0
2.27717812087261e-07	0.00332035341804436	0.0175832308603179	0.0511843603406658	0.122166507264198	0.365545156442137	1	0
2.2482504676923e-07	0.00311674962336184	0.0172144041810264	0.0499026170309919	0.12057704495804	0.366139279566124	1	0
2.29951558404706e-07	0.00349963276736123	0.0187589882315391	0.0532892040962651	0.126224089633278	0.372788958278049	1	0
2.33142785734552e-07	0.00312457961441447	0.0176265271726751	0.0507642770230557	0.122683697280879	0.370861161839096	1	0
2.15002394051658e-07	0.00288855716408402	0.0166097949500668	0.0484095090398832	0.118823868103771	0.366260663312486	1	0
2.35535694139e-07	0.00282407297272662	0.0163106112834316	0.0487638969003738	0.120154294722517	0.367906518709425	1	0
2.09414742337148e-07	0.002634856288086	0.0155446469089442	0.0466314277499245	0.11621471126	0.36250738972272	1	0
2.22527331919543e-07	0.00246026218170247	0.0149313614444694	0.046274558672669	0.116552473057503	0.364648417941934	1	0
2.20873519429581e-07	0.00238808449207263	0.0147190113347873	0.0459014930608166	0.116107908199664	0.36476201540902	1	0
2.18675643447614e-07	0.00217319854458239	0.0141117952986049	0.0447274787594881	0.114391197168238	0.363626105760726	1	0
2.21726736874221e-07	0.00175740611646507	0.0128308828094374	0.042450470681517	0.110285770287553	0.359760056194424	1	0
2.32146214972038e-07	0.00137801993207402	0.0116502577983717	0.0402379034411033	0.107363445792698	0.357774692812521	1	0
2.29181286522903e-07	0.000873868245511828	0.0105643405835597	0.0378162873639981	0.103882147648669	0.357345191478673	1	0
2.28690452150754e-07	0.000371621984744975	0.00918626677244362	0.0363325095140945	0.102349268407809	0.353404274636194	1	0
2.27459192114991e-07	8.41599010825465e-06	0.00875217479420061	0.0359319560375972	0.101773203623971	0.358848719848294	1	0
2.0167389331451e-07	0	0	0	0	0	0	0
1.54101701883785e-07	0.000390031407467861	0.0199161039514604	0.0427764750191125	0.144271400218917	1	0	0
3.51552173154914e-07	0.000589904546553945	0.0136897931748255	0.032787513429293	0.107314816377269	1	0	0
2.35254650219857e-07	0.000800571574698174	0.0438215894604035	0.104393074761811	0.23743004997044	1	0	0
2.54560515271213e-07	0.000637674090754388	0.0409923888951539	0.0861005122012128	0.169090040345296	0.334301851240435	1	0
3.0015950476083e-07	0.000364693798284408	0.0181953690190968	0.0383138599851961	0.0861019545786631	0.22104976584557	1	0
3.16498163044662e-07	0.00154830901361449	0.0147155820907615	0.0314624493919437	0.0670172200320549	0.170143398987712	1	0
2.85353110206225e-07	0.00157914411188125	0.0146212080138567	0.0308518075692766	0.0643134546844993	0.1546145878217	1	0
2.53124185256529e-07	0.00152026385665071	0.0138762678357629	0.0292555870835791	0.0612039092499171	0.146979848783612	1	0
2.7366894268004e-07	0.00145017172726153	0.0137061616562444	0.0290754094771555	0.0605629370150928	0.143591631203733	1	0
3.36633350064011e-07	0.00143776103812339	0.0134983240708667	0.0286606267910998	0.06005774608487	0.141806462081114	1	0
2.69076153933086e-07	0.0013808988219846	0.0126441575494697	0.0270712136948999	0.0573110681785159	0.137434681763633	1	0
2.66979994388081e-07	0.00138349033091903	0.0127421541921599	0.0272589244070174	0.0577149342468321	0.138286826753211	1	0
2.97145560318469e-07	0.00165955795437865	0.0140517164019001	0.0301228340317244	0.06317641472487	0.147901825484035	1	0
2.30721063310321e-07	0.00123666489934332	0.0110753032020854	0.0237612701471401	0.0500161735465381	0.11556818061214	0.318976023005659	1
2.38650896933599e-07	0.00120614163310241	0.0108328415136099	0.0234567580087065	0.0495739962164287	0.115226857962862	0.318323544271293	1
2.21675914246889e-07	0.00114539944891368	0.0106034240061715	0.02294434382821	0.0485381581834989	0.113885335916597	0.319937531727365	1
2.41661295744369e-07	0.00124769726992818	0.01090182437362	0.0236371329980525	0.0496389217749635	0.115615355448725	0.319996046421202	1
2.34834394784798e-07	0.00128971049615811	0.0110604651599692	0.0241456724717729	0.0506375753818407	0.117307529730034	0.325685716432772	1
2.36901087399681e-07	0.00131432723289343	0.010977285686839	0.0239897886155287	0.0503519047202779	0.117246138571501	0.322888127488794	1
2.33065354788398e-07	0.00145199716033172	0.0109463805183467	0.024013422699913	0.0501421465598854	0.116263020778709	0.321709664893972	1
2.29499550984129e-07	0.00147292811821614	0.0110563703682114	0.0242392835758417	0.0504715412524295	0.1174516737058	0.325283483582864	1
2.32947052765536e-07	0.00154490485394103	0.0108460147767633	0.0239464911301915	0.049946643477564	0.116435556013167	0.324731918708001	1
2.27722168024346e-07	0.00168696582072436	0.0110199311550342	0.0244070342466814	0.0506725091066095	0.117657440275307	0.328554355915174	1
2.30941175356637e-07	0.00169695575652057	0.0108775603004729	0.0242670677653	0.050317463286704	0.117228511905133	0.328871318884268	1
2.25186781175646e-07	0.00196543022610104	0.011226912162293	0.0251461574803221	0.051630600001171	0.119333456135191	0.332316690078586	1
2.36116079386948e-07	0.00195079104789497	0.0110880110880111	0.0249305523581503	0.0512383698073647	0.11894914177708	0.334153128360965	1
2.15836530591807e-07	0.00215102686387794	0.0115263182431942	0.0259774373124381	0.0530515400368131	0.121921523564169	0.338392613555915	1
2.33639073424817e-07	0.00226723356851442	0.011585227094843	0.0261953792733171	0.0535288144732864	0.123465166516904	0.342075873821817	1
2.3613007366786e-07	0.00254382928362386	0.011544163171548	0.0260933176605932	0.0528206445689847	0.12204618987597	0.340504997220749	1
2.29220791426042e-07	0.00272635209322135	0.0118055584208154	0.026680612459617	0.0537075775350788	0.123411786441407	0.344071181307686	1
2.19583897297976e-07	0.0028967507731549	0.0119692986578154	0.0268739948547101	0.05401456456074	0.123975970494951	0.348533223482829	1
2.20657710023112e-07	0.00286700562633029	0.011819971552808	0.0267885079699358	0.054258186290713	0.125013184298174	0.350443720589085	1
2.05328774486996e-07	0.00306740656206124	0.011747680503499	0.0267385290000201	0.0541579282162391	0.125531442200566	0.354969100072727	1
2.20745483988889e-07	0.00313414438167424	0.0119335008644393	0.0269819412534458	0.0547219224989095	0.127393543282892	0.357607684061999	1
2.09345957173679e-07	0.00325846982340831	0.0119963607298805	0.0272959913180045	0.0555633478772948	0.129548930639916	0.36190661411804	1
2.31247236595523e-07	0.00347541471879411	0.0122898656361056	0.0277450434467308	0.0560758361437581	0.129862666891131	0.362937912891941	1
2.15014598416159e-07	0.00338777001264501	0.0120795201390198	0.0277089312978905	0.0562719005806899	0.131311135369536	0.367948676875416	1
2.24184333326234e-07	0.00337061145155993	0.0119961036762868	0.0276213033404587	0.0564940036295444	0.132449225050806	0.374710213726134	1
2.17119150213016e-07	0.00343460783721969	0.0121866807823064	0.0280856647949548	0.0572840652347514	0.133511776325588	0.374476037210748	1
2.21465548265648e-07	0.00335320986629018	0.0120581347064197	0.0282313207651635	0.0578377211195083	0.135718074357058	0.388049940481134	1
2.24030296064997e-07	0.00326680977721979	0.0118142376629876	0.0280154365835201	0.0577740529007219	0.136757277960213	0.390196030989663	1
2.00770355855417e-07	0.00335928959417284	0.0120919969924601	0.0288579278692343	0.0598938125587881	0.143233386504016	0.416622380072338	1
2.20723996781844e-07	0.00323559306882505	0.0117118359932414	0.0281200164660102	0.058554324038278	0.140210504475731	0.402964764724774	1
2.01928416376395e-07	0.0030376091675501	0.0113673582714928	0.0281688121560907	0.0593647332020799	0.144398000908678	0.41633823009743	1
2.13441704801585e-07	0.00305861962980671	0.0110131650843522	0.0274458284953214	0.0587351017690049	0.143119279762311	0.418947860460351	1
1.98856258344506e-07	0.00302917738336186	0.0108937435446287	0.0271088805625564	0.058190909166836	0.142066490373965	0.420276338610846	1
2.12910283438944e-07	0.00302694549965147	0.0109414594659273	0.0275850821429165	0.0594006916177647	0.145660441311919	0.428054421571729	1
1.96795422695904e-07	0.00287675548896873	0.0104868344846194	0.0267700813493239	0.0581046357326566	0.143590796192953	0.432578773763785	1
2.04483798032989e-07	0.00289058296899433	0.0105464563673494	0.0270521840607742	0.0594060195531497	0.148252593928099	0.446129868069098	1
1.89384111506335e-07	0.00279606702227953	0.0103629091975151	0.0267656564791903	0.0591927615877509	0.150269474652262	0.447338528265768	1
1.84840355233588e-07	0.00272805880289253	0.0101371996020757	0.0263123942482118	0.0583520669033363	0.148885394173906	0.451248171466786	1
1.84863966925618e-07	0.00269864418918017	0.0101610479420666	0.0268884639893311	0.0600739492840496	0.155853264595981	0.46468867151762	1
2.01170773668597e-07	0.00275181501301273	0.0102792230221443	0.0270206548068449	0.0604677099785331	0.155839555042436	0.463897188859726	1
1.78986837844905e-07	0.00274995377664913	0.0102713386765677	0.0271814781556409	0.0608693068537819	0.157689909957091	0.473839373274008	1
1.87163223175299e-07	0.00273969526084003	0.0102584162622381	0.0262829571040609	0.0604389351909907	0.158950613240301	0.48306378709809	1
1.75089492616914e-07	0.00278812508043174	0.0103651228734287	0.0265524966448476	0.0612510319336971	0.163672432071843	0.496394994891764	1
1.75552829025062e-07	0.00273686860450072	0.0102466675245348	0.0265191859053549	0.0614550766454874	0.164971382255576	0.500013078685762	1
1.71424467037046e-07	0.00269804968669607	0.0102330121353094	0.0265119937985485	0.0614572142529845	0.165950369531152	0.501457536530982	1
1.76605868330435e-07	0.00262118429776032	0.0100259151451188	0.0256297500355861	0.0615266588324303	0.168782228363397	0.513599534890785	1
1.59065635730468e-07	0.00256207019471065	0.00979955662044697	0.0249034749955979	0.0598726234202198	0.168732054413809	0.519844631049644	1
1.61324851302851e-07	0.00262088353426612	0.00999246128969862	0.0253384877698824	0.0610274166745044	0.168172768590955	0.517694513003025	1
1.61392416299472e-07	0.00267717740157564	0.01012527602138	0.0256099100108165	0.061804257467385	0.172843046843503	0.534321711250246	1
1.58725825263183e-07	0.00257564396654568	0.00994814109837001	0.0254366071275514	0.0618714854134141	0.174275559460916	0.533616225080839	1
1.59522250003908e-07	0.0025386370865622	0.00997859530449448	0.0258078286501323	0.0629876794585432	0.178593613558626	0.54365900651457	1
1.57407213563339e-07	0.00254086724133942	0.010033922828595	0.0262712639437213	0.0644780872630962	0.182650608402492	0.545071115792052	1
1.47781409423814e-07	0.00245198914515992	0.0096915048300137	0.0251594893915854	0.0622023774777585	0.179286189191829	0.547954254560276	1
1.42863122699279e-07	0.00244981682804723	0.00989527133064284	0.0262085255854281	0.064654420535031	0.189140916898379	0.562360395942287	1
1.50523498148034e-07	0.00240687073538707	0.00968272506536859	0.0249918679680126	0.0619334954070012	0.184696697409084	0.561742255302604	1
1.44156279245705e-07	0.00246752303184874	0.00985870378133453	0.0256445371401355	0.063388110797363	0.188137927574732	0.564320657767803	1
1.39772542550606e-07	0.00241862407629568	0.0097155894326926	0.0252180416720654	0.0626879853339467	0.189861989989211	0.573511342052624	1
1.3876454044237e-07	0.00241505806185901	0.0097619466555803	0.0258296315579428	0.0639800278972232	0.190898933344731	0.575648599338482	1
1.37372374195753e-07	0.00235799680307011	0.00956647476661807	0.0254118286406014	0.0634038071929274	0.192427787464057	0.578879217263202	1
1.3983553662866e-07	0.00248907255199015	0.0100464841290861	0.0260249315574966	0.0648139110629207	0.198491929671675	0.583087059647407	1
1.38598755494055e-07	0.00250198473417867	0.0103228353091972	0.0279746342101645	0.070006785795069	0.212173627650563	0.595067796967237	1
1.46034648180627e-07	0.0025931372477434	0.0106100013289153	0.0274507169571052	0.0675895082867361	0.204581545017371	0.591682888682169	1
1.38148470648078e-07	0.00286340335112271	0.011668296127878	0.0314696690197496	0.0774000292045867	0.221261353559375	0.595664983880146	1
1.34593288021157e-07	0.00252577764300503	0.0104635513973408	0.0271634827951419	0.0669039007961328	0.210210623690491	0.599941371163738	1
1.32359239919123e-07	0.00254831244616288	0.0105024409691026	0.0275673854126352	0.0682061722819633	0.208458787832903	0.599742878940533	1
1.43118067539706e-07	0.00228130199658291	0.00975077705954771	0.0259136728990769	0.0646159469592992	0.202481008948028	0.598067362239557	1
1.43345685431047e-07	0.00219906616019769	0.00963268671528092	0.0255923652941174	0.0632051263857407	0.196220318304828	0.595766743886987	1
1.4005351164573e-07	0.00227670988531298	0.00993455579507818	0.0261433688583734	0.0642295208153131	0.197977543259729	0.597300776680754	1
1.43266496169985e-07	0.00230644732184059	0.0100187693436632	0.0266585998078223	0.0651004391261374	0.19948527213256	0.598526590046789	1
1.35035792587183e-07	0.00234854250467629	0.0102781143169809	0.0273737806943108	0.0667761446849102	0.203061693532488	0.600750744992468	1
1.43635854381971e-07	0.00226743559727379	0.0101343713417743	0.0266499091503221	0.0651922925000539	0.200900165899412	0.599899454901933	1
1.39441367205872e-07	0.00239476604039365	0.0105474844568194	0.0277767203474098	0.0673560368978591	0.205200939890591	0.60224991434814	1
1.43369710051966e-07	0.00210352038588244	0.00959917556681932	0.0259360106575308	0.0638540014629445	0.201223259040105	0.600395499682149	1
1.51123375612616e-07	0.00205391779795107	0.00935665267767953	0.0248439273338361	0.0613249590833461	0.192602661887138	0.59615043425302	1
1.45940916111994e-07	0.00200946047394604	0.00932898118062699	0.024555872604088	0.0604771859322297	0.191589629321748	0.595707469022581	1
1.40834795433235e-07	0.00198619311999491	0.00915637422509175	0.0243980791260581	0.0598187343514938	0.188998182949469	0.594445081330686	1
1.49447522399195e-07	0.00199781447943243	0.00936647401884712	0.0248338442445966	0.0609835559902154	0.191962801913885	0.595945010485238	1
1.37676020513176e-07	0.0020082801112257	0.00943039437709104	0.0252519849784448	0.0621956929709095	0.194679813074513	0.59732200865459	1
1.47593350211125e-07	0.00204342993367302	0.00958884477651636	0.0256964450518075	0.0626179547605718	0.194646995818533	0.597314420918228	1
1.46169446931355e-07	0.00205806581279348	0.00971091337633151	0.025337158100528	0.0618609563136065	0.195013429317937	0.597502402660284	1
1.47081924043364e-07	0.00203752589377273	0.00979639155090829	0.0255585730229395	0.0620309189737447	0.194525993200108	0.597259687256763	1
1.42503489910468e-07	0.00211204422396305	0.010046496038688	0.0267276695606275	0.0644453507666403	0.198858062533951	0.599427534980332	1
1.45483134212992e-07	0.00205742248404014	0.00990492822662315	0.026025332396228	0.0630746492874454	0.196468571496741	0.598233340107998	1
1.41494910711052e-07	0.00201120866084689	0.00980106947513312	0.0256085979099504	0.0622059735755424	0.196580860379614	0.598289581220343	1
1.46859116727591e-07	0.00200976701241709	0.00984000139809879	0.0260388556913856	0.0630768717892008	0.197345315862385	0.598672070494726	1
2.34008502464929e-07	0.00351855184306267	0.0171252102273884	0.0449549053915325	0.107955142442146	0.333590586680376	1	0
1.37861970389455e-07	0.00196549811184245	0.00991682511602463	0.026246024060774	0.0634489039421906	0.199288714949973	0.599644288544001	1
1.39474351852226e-07	0.00201108067935725	0.00999040834882312	0.0260125245178476	0.062661363107946	0.195889495586822	0.597944678056235	1
1.74466116237701e-07	0.00313445824432654	0.0190888611759156	0.056081435200144	0.147466612419336	0.49958913229626	1	0
2.03456191711073e-07	0.0031236629113401	0.017126331849663	0.047683417282749	0.120441182544354	0.419907740755307	1	0
2.20072117632948e-07	0.00337876722201866	0.0172492525800705	0.0457122799141279	0.111912393691413	0.363032505752135	1	0
2.27718071364566e-07	0.0033533763189146	0.0171294087641854	0.0452751346667745	0.109073540412557	0.343906662916909	1	0
2.31788171571459e-07	0.00327029931270171	0.0169682848880602	0.0448561105388519	0.107700373920678	0.337961525017825	1	0
2.42275001023612e-07	0.00313697671325373	0.0164906902196732	0.0430622009569378	0.104032643164538	0.328739314763924	1	0
2.29407099645038e-07	0.00297747474629295	0.0158593716126608	0.0418752837479064	0.101792518254496	0.323297690352261	1	0
2.38505410614493e-07	0.00306193246146885	0.0162200374596598	0.0423115753592428	0.103206061281103	0.325443017837581	1	0
2.1361573903676e-07	0.00298079402251894	0.0156078339727208	0.0410116585061894	0.101281630349499	0.325418158149558	1	0
2.3328800547387e-07	0.00290793498823179	0.0157320099371359	0.0420214685619917	0.102563205302543	0.325972863472627	1	0
2.31014479294519e-07	0.00284517432699129	0.0154243747535364	0.0415992393155226	0.102247701579192	0.326795623569298	1	0
2.32322521275516e-07	0.00296211214626283	0.0157563457154268	0.0417297712715081	0.102191242788419	0.325483619984476	1	0
2.41969867008522e-07	0.00304228713789814	0.0162683600685839	0.0434517388680553	0.105127922209591	0.32970257547887	1	0
2.28695629900947e-07	0.00313061447771407	0.0164589957883413	0.0436973313964338	0.10627440182371	0.331757315515809	1	0
2.27853650511691e-07	0.00298283213884855	0.0163011058649074	0.0428943611234279	0.104277223156675	0.329908617014926	1	0
2.35267767657081e-07	0.00299731135995121	0.0163337000373605	0.0428039118442264	0.104092341657734	0.329818354461947	1	0
2.20878056538156e-07	0.00279057336630306	0.0158837828017719	0.0418095655659945	0.101948917531864	0.327792975415168	1	0
2.31554485465093e-07	0.00293750020261017	0.0161437471721408	0.0425652717361353	0.104210401520109	0.331711062608165	1	0
2.33637981685586e-07	0.00301883636135946	0.0165544191923322	0.0436690415188712	0.106277712385103	0.334566318842015	1	0
2.31754060736714e-07	0.00285219722548674	0.0161249840379391	0.0425943105768613	0.103817476063861	0.333976605354585	1	0
2.33786114694533e-07	0.00288772608870687	0.0160213624400163	0.0431767885923598	0.106261399995418	0.336821500093281	1	0
2.24538108270929e-07	0.00278472161877606	0.015462367749861	0.0418110166030213	0.103098019641246	0.331682529161325	1	0
2.42124419022457e-07	0.00272389971400264	0.0154606126522599	0.0422725023171307	0.103700435920804	0.332275330330345	1	0
2.31217508159666e-07	0.00267541778691549	0.0151045149380383	0.0403076857624582	0.100235564397313	0.328545512391871	1	0
2.24665635750953e-07	0.00256208691010387	0.015027210378474	0.0393681593526395	0.098329858130391	0.32651870038119	1	0
2.21868711408711e-07	0.00266175893077031	0.0152572456774428	0.0403088856200232	0.100879487572024	0.332097302742075	1	0
2.4952552721001e-07	0.00262850190363025	0.0151529366908823	0.0403829617981408	0.100393352041094	0.329216993886126	1	0
2.33683297439579e-07	0.00251349754726011	0.0145881472092606	0.0392802928332137	0.0984049712849964	0.327609962012443	1	0
2.37893764733058e-07	0.00250835185534537	0.0145617152330752	0.03957291408205	0.0989333557270664	0.328652852810132	1	0
2.35320750419047e-07	0.00251746138798297	0.0146211841857867	0.0402800881699788	0.100819175064284	0.333311840704795	1	0
2.39318669321189e-07	0.00245517022856608	0.01459580632323	0.0401081337475461	0.1005770212436	0.333271349797979	1	0
2.35922337197663e-07	0.00240404861604418	0.0141536887754994	0.0389873458335997	0.0986940990869098	0.330483784703881	1	0
2.35171219934241e-07	0.00237593483499564	0.0142165705874648	0.0388041919740296	0.0983918756809677	0.332540571150935	1	0
2.36239520414874e-07	0.00233900749162767	0.0139057668901808	0.0378039930148699	0.0967183495740129	0.331054724412425	1	0
2.27912072434103e-07	0.00223764072715803	0.0137761452182794	0.0375863473375426	0.096450565757533	0.328440896815772	1	0
2.36020004111468e-07	0.00264908852614712	0.0147099467562473	0.039349255085464	0.0981519869698076	0.334766289451629	1	0
2.42379468326093e-07	0.00221801451465208	0.0138531985121779	0.0386386805637359	0.0981983449360385	0.33371895906744	1	0
2.49905723065973e-07	0.00215368752138256	0.0136171129441418	0.0379389375358146	0.0972930461983217	0.333442958643852	1	0
2.30552972081418e-07	0.00199151657283929	0.012847333816265	0.0352928184132515	0.0927761298363673	0.330164536434056	1	0
2.4531359049557e-07	0.00201157144206368	0.0129096276998294	0.0361288043538256	0.0941952671648986	0.331348010445453	1	0
2.36076001363575e-07	0.00177458330224999	0.0120368070815246	0.0341998581655384	0.0910219352377427	0.327508000615686	1	0
2.4489935860858e-07	0.00173609155317622	0.0118771290937989	0.0346025650758821	0.0918791372685395	0.328939267408059	1	0
2.39638567526913e-07	0.00157083081013892	0.0111750653194825	0.0333071248619981	0.0899066392104772	0.329154835510889	1	0
2.35524543777182e-07	0.00131799534697711	0.0104655331027391	0.0328354187461521	0.0902381671291584	0.330026176197795	1	0
2.39721462837899e-07	0.0010252886965577	0.00935345203700916	0.0300658658691293	0.0842918196489135	0.32410341775684	1	0
2.3703557619556e-07	0.000681714317138431	0.00850839200753963	0.0291560869787825	0.0844676275772878	0.32605381276465	1	0
2.4512477463841e-07	0.000299297349833499	0.00740350356840391	0.0258211986356355	0.0785176324378517	0.320058192621499	1	0
2.49002061986075e-07	5.22904330170758e-06	0.00656294734776699	0.0244973208623141	0.076731230411319	0.320255745037825	1	0
2.11444250925967e-07	0	0	0	0	0	0	0
1	0	0	0	0	0	0	0
1	0	0	0	0	0	0	0
1	0	0	0	0	0	0	0
1	0	0	0	0	0	0	0
1	0	0	0	0	0	0	0
1	0	0	0	0	0	0	0
1	0	0	0	0	0	0	0
1	0	0	0	0	0	0	0
1	0	0	0	0	0	0	0
1	0	0	0	0	0	0	0
1	0	0	0	0	0	0	0
1	0	0	0	0	0	0	0
1	0	0	0	0	0	0	0
1	0	0	0	0	0	0	0
1	0	0	0	0	0	0	0
1	0	0	0	0	0	0	0
1	0	0	0	0	0	0	0
1	0	0	0	0	0	0	0
1	0	0	0	0	0	0	0
1	0	0	0	0	0	0	0
1	0	0	0	0	0	0	0
1	0	0	0	0	0	0	0
1	0	0	0	0	0	0	0
1	0	0	0	0	0	0	0
1	0	0	0	0	0	0	0
1	0	0	0	0	0	0	0
1	0	0	0	0	0	0	0
1	0	0	0	0	0	0	0
1	0	0	0	0	0	0	0
1	0	0	0	0	0	0	0
1	0	0	0	0	0	0	0
1	0	0	0	0	0	0	0
1	0	0	0	0	0	0	0
1	0	0	0	0	0	0	0
1	0	0	0	0	0	0	0
1	0	0	0	0	0	0	0
1	0	0	0	0	0	0	0
1	0	0	0	0	0	0	0
1	0	0	0	0	0	0	0
1	0	0	0	0	0	0	0
1	0	0	0	0	0	0	0
1	0	0	0	0	0	0	0
1	0	0	0	0	0	0	0
1	0	0	0	0	0	0	0
1	0	0	0	0	0	0	0
1	0	0	0	0	0	0	0
1	0	0	0	0	0	0	0
1	0	0	0	0	0	0	0
1	0	0	0	0	0	0	0
1	0	0	0	0	0	0	0
1	0	0	0	0	0	0	0
1	0	0	0	0	0	0	0
1	0	0	0	0	0	0	0
1	0	0	0	0	0	0	0
1	0	0	0	0	0	0	0
1	0	0	0	0	0	0	0
1	0	0	0	0	0	0	0
1	0	0	0	0	0	0	0
1	0	0	0	0	0	0	0
1	0	0	0	0	0	0	0
1	0	0	0	0	0	0	0
1	0	0	0	0	0	0	0
1	0	0	0	0	0	0	0
1	0	0	0	0	0	0	0
1	0	0	0	0	0	0	0
1	0	0	0	0	0	0	0
1	0	0	0	0	0	0	0
1	0	0	0	0	0	0	0
1	0	0	0	0	0	0	0
1	0	0	0	0	0	0	0
1	0	0	0	0	0	0	0
1	0	0	0	0	0	0	0
1	0	0	0	0	0	0	0
1	0	0	0	0	0	0	0
1	0	0	0	0	0	0	0
1	0	0	0	0	0	0	0
1	0	0	0	0	0	0	0
1	0	0	0	0	0	0	0
1	0	0	0	0	0	0	0
1	0	0	0	0	0	0	0
1	0	0	0	0	0	0	0
1	0	0	0	0	0	0	0
1	0	0	0	0	0	0	0
1	0	0	0	0	0	0	0
1	0	0	0	0	0	0	0
1	0	0	0	0	0	0	0
1	0	0	0	0	0	0	0
1	0	0	0	0	0	0	0
1	0	0	0	0	0	0	0
1	0	0	0	0	0	0	0
1	0	0	0	0	0	0	0
1	0	0	0	0	0	0	0
1	0	0	0	0	0	0	0
1	0	0	0	0	0	0	0
1	0	0	0	0	0	0	0
1	0	0	0	0	0	0	0
1	0	0	0	0	0	0	0
1	0	0	0	0	0	0	0
1	0	0	0	0	0	0	0
1	0	0	0	0	0	0	0
1	0	0	0	0	0	0	0
1	0	0	0	0	0	0	0
1	0	0	0	0	0	0	0
1	0	0	0	0	0	0	0
1	0	0	0	0	0	0	0
1	0	0	0	0	0	0	0
1	0	0	0	0	0	0	0
1	0	0	0	0	0	0	0
1	0	0	0	0	0	0	0
1	0	0	0	0	0	0	0
1	0	0	0	0	0	0	0
1	0	0	0	0	0	0	0
1	0	0	0	0	0	0	0
1	0	0	0	0	0	0	0
1	0	0	0	0	0	0	0
1	0	0	0	0	0	0	0
1	0	0	0	0	0	0	0
1	0	0	0	0	0	0	0
1	0	0	0	0	0	0	0
1	0	0	0	0	0	0	0
1	0	0	0	0	0	0	0
1	0	0	0	0	0	0	0
1	0	0	0	0	0	0	0
1	0	0	0	0	0	0	0
1	0	0	0	0	0	0	0
1	0	0	0	0	0	0	0
1	0	0	0	0	0	0	0
1	0	0	0	0	0	0	0
1	0	0	0	0	0	0	0
1	0	0	0	0	0	0	0
1	0	0	0	0	0	0	0
1	0	0	0	0	0	0	0
1	0	0	0	0	0	0	0
1	0	0	0	0	0	0	0
1	0	0	0	0	0	0	0
1	0	0	0	0	0	0	0
1	0	0	0	0	0	0	0
1	0	0	0	0	0	0	0
1	0	0	0	0	0	0	0
1	0	0	0	0	0	0	0
1	0	0	0	0	0	0	0
1	0	0	0	0	0	0	0
1	0	0	0	0	0	0	0
1	0	0	0	0	0	0	0
1	0	0	0	0	0	0	0
1	0	0	0	0	0	0	0
1	0	0	0	0	0	0	0
1	0	0	0	0	0	0	0
1	0	0	0	0	0	0	0
1	0	0	0	0	0	0	0
