2	6	15	22	27	33	37	40
0.6309573	0.2511886	0.03162278	0.006309573	0.001995262	0.0005011872	0.0001995262	0.0001
4.8912240679528e-07	0.0022069202994603	0.0335694490231736	0.0718339840291752	0.168436637616057	1	1	1
3.24214056494948e-07	0.0019511201919866	0.029842607044134	0.0651949077643431	0.155523861830344	1	1	1
2.86376141889069e-07	0.00176006776805022	0.0255862763970789	0.0574742597964267	0.145621122646024	1	1	1
2.15245632935165e-07	0.00129943788602959	0.0215340341013656	0.0454303890241947	0.0913659595488882	0.198902247272031	1	1
2.39123011572597e-07	0.00127069968349678	0.0210337383439488	0.0443463189881845	0.0892292300143378	0.194256121788219	1	1
2.04016513912702e-07	0.00242881659813072	0.0206901307419428	0.0428487723510292	0.0843071721597433	0.182697400258367	1	1
3.3815039847643e-07	0.002833362188834	0.027795624604364	0.0578331863506268	0.110795316211201	0.222794447840977	1	1
2.93641515977182e-07	0.00250358756522145	0.0245422642638569	0.0507917603016051	0.0995224508025663	0.209260689945979	1	1
3.03421256722298e-07	0.0027037868186524	0.0255204584816558	0.0530665572731896	0.103231800489601	0.213769377998561	1	1
2.08319315179416e-07	0.00197132567954281	0.0226132699820408	0.0471412027898956	0.0933578844590249	0.20014986491534	1	1
2.67070477228236e-07	0.00186361779009863	0.0213891403802549	0.0446555191449472	0.0887523268515329	0.191604105407376	1	1
2.99871475085778e-07	0.00208860482397245	0.0225791225880588	0.047166484444767	0.092794928093819	0.197526240253427	1	1
2.50326300332483e-07	0.00247798004699125	0.0247242280312387	0.0520586083960442	0.102604244632879	0.215175230913496	1	1
1.95803385205566e-07	0.0018889152570781	0.0192919201341488	0.0404566996477889	0.0799447599489658	0.166435227065354	0.396403561741898	1
2.00765639844109e-07	0.00204861258896929	0.0189767698093449	0.0395911849428982	0.0779703477180576	0.163117263997983	0.393933906345238	1
2.04489443028014e-07	0.00205184707134309	0.0195630960356041	0.0410115847359264	0.0805463467143045	0.167084029619887	0.398027044955777	1
1.92699985007941e-07	0.00182949365766539	0.0177769590169526	0.0373622146932197	0.0741941190276975	0.157728213628745	0.390597666711502	1
1.92928923441173e-07	0.00183726213793029	0.0173348567001128	0.0366698075495403	0.0731476508202566	0.156204902864146	0.387050919344906	1
1.96751978980593e-07	0.0018471075786698	0.0172228812320452	0.0364577482011458	0.0726172204021571	0.155302633072709	0.380586797037151	1
1.97198091201356e-07	0.00286548546324691	0.0200706245243829	0.0416070224606654	0.0802955131715507	0.165363417348265	0.391187572260776	1
1.8629904648422e-07	0.00212082834517636	0.0174316291814355	0.0370574885323622	0.073594643827894	0.157112878964863	0.385011198435684	1
2.02316196746836e-07	0.00239340060751508	0.0180490325441788	0.0384469561325883	0.075768427262674	0.160403159531581	0.390395402728598	1
2.02428740022793e-07	0.00241780887083224	0.0170285080394574	0.0364288736257619	0.0718399355466892	0.154101105058492	0.383009346134927	1
1.93696233557369e-07	0.00281576214722347	0.0180736018570045	0.0385641453163379	0.0754886520156127	0.159509623119427	0.389581040857702	1
1.89401795263857e-07	0.0026626104378193	0.016979302740019	0.0365867447911192	0.0724664526805184	0.155832599874881	0.38788161857471	1
2.00475045668215e-07	0.00338181354537713	0.0185706049053838	0.0397201207982435	0.0773023757094812	0.163886345083309	0.398451169892176	1
1.94572099956357e-07	0.00348381344971858	0.0180843092583437	0.0387616808928058	0.0755095405510632	0.160673554129861	0.394985838069705	1
1.91291090521813e-07	0.00400793092861303	0.0190066827542474	0.0406625558211314	0.0783086424358242	0.164908988481407	0.402094254859033	1
1.84737197481293e-07	0.00393822757590621	0.0180519647262795	0.0389026979944006	0.0751520156213774	0.160018990983901	0.39849864079607	1
1.95806260670217e-07	0.00412974984379556	0.0177463130170631	0.0384600699145834	0.0743664345775059	0.159402548105193	0.402819884282416	1
1.87179618685168e-07	0.00420948244461074	0.0173182326799891	0.0372766338815325	0.0722861482215503	0.155693760666899	0.393415432809817	1
1.89133844536897e-07	0.00464039887571278	0.0178916834255014	0.0383985205194145	0.0743553231058576	0.159830770601262	0.399842943255497	1
1.97688077471585e-07	0.00529942429278079	0.0199083755298535	0.0421741813835556	0.0803536797856429	0.168656001790263	0.411121614937627	1
2.03005702430181e-07	0.00512690901487423	0.018631863369042	0.0399269585482656	0.0769625068768182	0.164613873003693	0.409299488222624	1
1.85949264486982e-07	0.00517255069023437	0.0181547845396575	0.0389680857136854	0.075617755997747	0.16280508928261	0.408594686574147	1
1.95260748274334e-07	0.00556063558935649	0.0188891342665626	0.0403074810055226	0.078008426282331	0.16761397418692	0.415731025976123	1
1.95630131500618e-07	0.00543440942295567	0.0185682339313812	0.0401540626411594	0.0779846262104859	0.167676542010495	0.417801794202188	1
2.02709824939795e-07	0.00534221472646336	0.0181686788995289	0.0395211183095622	0.0768614843224221	0.166815793527881	0.416841740385473	1
1.86894124291695e-07	0.00496222589406878	0.017120623149865	0.0378090551324584	0.074901931980631	0.164058652609238	0.428727458466052	1
1.87205549072003e-07	0.00504649998633399	0.0173093994782956	0.0382537691029222	0.0753912315167281	0.166122085724416	0.422070635648954	1
1.92590466964476e-07	0.00522979413042034	0.0178055664422667	0.0396023777219051	0.0783825867403389	0.171650105491428	0.44039893189327	1
1.93572165251783e-07	0.00519567048752311	0.0178041870433633	0.039947874887341	0.079080810958972	0.172850845678076	0.435561568337169	1
1.82867676035282e-07	0.00526165164256318	0.0181240153718568	0.0405915037849037	0.0800378901824745	0.174935059116548	0.446459910376552	1
1.81985343628366e-07	0.0050087826126835	0.0173979808362154	0.0396484188749375	0.0791858266902617	0.17509410462119	0.452060328869354	1
1.7488363243098e-07	0.00465155485539922	0.0161310913718012	0.0379918951929386	0.0783260068750254	0.178973286175379	0.464606525817721	1
1.74662817796814e-07	0.00467886756314104	0.0163583955263962	0.0383627666380744	0.0783785421837778	0.177967438309529	0.459419626895768	1
1.69259697014987e-07	0.00488991264676297	0.0168015638241927	0.0395438044942173	0.0803267592302814	0.180667969853494	0.462343356497651	1
1.77387462289643e-07	0.00476374029978836	0.0165454607701419	0.0393715020301108	0.0809080180374667	0.183395930412318	0.469102208349734	1
1.66080099435477e-07	0.00463197397325546	0.0163318187381865	0.0391175101404357	0.080591032571463	0.184939823367171	0.476363397208293	1
1.67236944647916e-07	0.00460704335116079	0.0161731504430107	0.0387718787732836	0.0801456299313994	0.185389344330835	0.477100412406306	1
1.72195609390791e-07	0.00460571596437548	0.0160519025118001	0.0388044527718241	0.0811280672127678	0.187714222100308	0.48243733930921	1
1.7139535011271e-07	0.00458139770851273	0.0160384912821469	0.0387807688932522	0.0811342738596039	0.188289961168669	0.492589550642527	1
1.69690206770911e-07	0.00457247231164896	0.0161619740536886	0.0397088659060473	0.0834443107285615	0.193063166161329	0.498834907040311	1
1.65132203190552e-07	0.00472839550615827	0.0164663227733491	0.0400995482973714	0.0842227078576838	0.197317625517813	0.508764391684339	1
1.59619441711848e-07	0.00443837819623965	0.0160163744008086	0.0386424302634631	0.0834131297525691	0.199449600241089	0.510052433390408	1
1.68622832037326e-07	0.00449025739432196	0.0159616686578213	0.0379735245291418	0.0826361481823723	0.197925770543109	0.509202843992685	1
1.58106516360072e-07	0.00440864210218424	0.0157937342387567	0.0379036656995818	0.0826961904234883	0.199359194289193	0.512948291263824	1
1.64597728090479e-07	0.00437105726717075	0.0156071565775392	0.0376806995008409	0.0831068742924355	0.203457934910816	0.521727887694312	1
1.67088090679375e-07	0.00425823999096388	0.0154840533632577	0.0367239572742385	0.0828778651221489	0.204936717891977	0.529670918334526	1
1.61700860200066e-07	0.00438079970454019	0.0157600126385392	0.0370941773298951	0.0840532390380157	0.209476834653917	0.538037297597012	1
1.69592361017364e-07	0.00403969003943362	0.0146283586919138	0.0347170826315036	0.0791903050152531	0.200676266498793	0.531850462953227	1
1.5523389712215e-07	0.0039008726007825	0.0142804318979579	0.0341371758483377	0.0781054696353183	0.199028173710457	0.537669833645146	1
1.54553199065757e-07	0.0038043269950036	0.0142783972956899	0.0346602549756857	0.0791054275374235	0.199893234650085	0.537370190768105	1
1.45816722378376e-07	0.00379342203267344	0.0146647877695932	0.0362584945531622	0.083190627367699	0.208820191066568	0.545344480341281	1
1.51796158403542e-07	0.00370261189577919	0.0137792962790815	0.0332424479134252	0.0770265318433427	0.201204897186944	0.548293340611453	1
1.51376069017799e-07	0.00361334676745487	0.0138566626057513	0.0337785101688388	0.0788448310521969	0.206398999464734	0.557353062277326	1
1.51443743495491e-07	0.00366948190489575	0.0139744714310465	0.0338749365450715	0.0788964354988981	0.206583956170969	0.56075180914696	1
1.48870401170002e-07	0.00371104136036582	0.0140706348369839	0.0338581908196983	0.0787652450734318	0.207764276224861	0.563813595202324	1
1.47027385614899e-07	0.00370391389841055	0.0143817777786926	0.0348496071575284	0.0811826412411229	0.212172279633149	0.570080897408113	1
1.42464368592932e-07	0.00358540076437832	0.0138368517995885	0.033992568203748	0.0797603863291762	0.212395425811039	0.573784932085099	1
1.39623950813275e-07	0.00353876903336244	0.0137956840840564	0.033483498892433	0.0782646697649221	0.209958538667806	0.570551074790267	1
1.36537914599084e-07	0.00350588403316069	0.0138205042536339	0.033820851059937	0.0790269161287187	0.213014575558921	0.577403275517264	1
1.50226887668446e-07	0.00355947587641615	0.0141132151888998	0.0341817246587521	0.0796731303287355	0.216848005542771	0.589416696036023	1
1.39676782338597e-07	0.00354010804837175	0.0139837410638287	0.0339900656285329	0.0796899343044222	0.217316820185418	0.588617934554723	1
1.32601303417772e-07	0.00344153422890486	0.0137535397917947	0.0336894827541397	0.0793043311298533	0.219909847025832	0.594051452488157	1
1.37197698590925e-07	0.00365741624903687	0.0145314314439564	0.0356917068930319	0.0830081747876728	0.224532265605964	0.596340361148246	1
1.39851768313729e-07	0.00362537738999679	0.0146718490137933	0.0367438144961393	0.0859323385956757	0.231610331577355	0.605192444424306	1
1.32672658871529e-07	0.00341499423935315	0.0139527855155421	0.0344508439838521	0.0807482950236608	0.225567666505514	0.602783366244998	1
1.26546509069019e-07	0.00346332486020091	0.0141256275283202	0.0345350485109715	0.080844743504779	0.225002856787442	0.60561008514935	1
1.3713245074888e-07	0.00360836617655529	0.0145752596602955	0.0354853528829355	0.0827996138350187	0.231632890944047	0.612013625480306	1
1.34422459949836e-07	0.00375737660051782	0.0152119176802232	0.0372964524703017	0.0861403319401342	0.238586961854804	0.616791408469126	1
1.26589937973462e-07	0.00372680777393873	0.0150566072225636	0.0366791813479347	0.0849618495903929	0.235224485734706	0.615938534002437	1
1.25422548566119e-07	0.00379679139019356	0.0153947398786512	0.0377432821174537	0.0868391862183697	0.241111805673313	0.619374547851712	1
1.28543477710368e-07	0.0036190130714577	0.0148800644362745	0.0364275505179081	0.0848597764191875	0.238530676065423	0.618419843308072	1
1.24907318769473e-07	0.00348466437903076	0.0146746114383128	0.0359788037276341	0.0841017215226302	0.237603822963361	0.618237267947183	1
1.28961503959376e-07	0.00289995733953449	0.012659892920684	0.0310982929107798	0.0750292871575492	0.222226463622797	0.610701973575272	1
1.20190675294915e-07	0.00306474202934503	0.0131367206190589	0.0327213103956641	0.0771937833055873	0.225627224053327	0.612561872657258	1
1.33238361029591e-07	0.00311351402053949	0.0135188970635065	0.0333470302368472	0.0784598071827735	0.22419326170972	0.61190903124253	1
1.31446532282743e-07	0.00330693185916924	0.0139314921705188	0.0340531958858287	0.0795096413402499	0.225415555067159	0.612592761817832	1
1.30845044400957e-07	0.00320282499684663	0.0141658078870252	0.0341892867217926	0.0789563485230473	0.224429345507854	0.612135511502064	1
1.28346127944918e-07	0.00303512923364142	0.0136784885857296	0.0334789591283039	0.0784644053191256	0.224928257723132	0.612416897486482	1
1.32965568300158e-07	0.00334740818195647	0.0145693032497849	0.0348029397091564	0.0801918001729616	0.227915349864322	0.613924101126165	1
1.31538620396642e-07	0.00308431757106045	0.0138090559078598	0.0336324521561153	0.0786699603937214	0.224556024271506	0.612256505571318	1
1.28730646312807e-07	0.00309352616154306	0.0140236591480245	0.0348856189588317	0.0813922682829057	0.23147224863346	0.615723315617422	1
1.31074414352963e-07	0.00305586889622498	0.0138608571689971	0.0333972364794776	0.0782468377642165	0.226433541208616	0.61320884060224	1
1.35038892551444e-07	0.00294411793540658	0.0137828796071557	0.0335758001662059	0.0785737300199831	0.22734877872176	0.613669662999641	1
1.37579854787215e-07	0.00302235424996554	0.014021450900639	0.0338760124845463	0.0790265564890502	0.229320165657152	0.614656849701988	1
1.25306860838837e-07	0.00290010198725404	0.0136767426331157	0.0338688154955467	0.0789348014619301	0.22959525006801	0.614795933391384	1
1.39078441214394e-07	0.00301535968396928	0.0138911547084937	0.0334807703888647	0.0778276003113688	0.226005665777538	0.613001720261239	1
1.31195648922543e-07	0.00291897199287765	0.0138070300926084	0.0332859104794361	0.0780249387185124	0.227031184156184	0.613514936099847	1
1.35124379964892e-07	0.00289436421884799	0.0137091790937181	0.0329350812482628	0.0767507829444386	0.225752842104865	0.612875948117103	1
1.84524893607559e-07	0.00388757045852406	0.022075820171634	0.056463325769658	0.1413746698619	0.468662229581075	1	1
1.95415856667941e-07	0.004294849697848	0.0219764672408766	0.0540430368249457	0.131436900610714	0.430625025892601	1	1
1.28672291104074e-07	0.00284455833943776	0.0144704858575641	0.036640592942505	0.0862364268425325	0.255906540682769	0.627953206005239	1
2.19798190093783e-07	0.00427771237560521	0.0218253008817424	0.0534610741801308	0.125541033244916	0.37716710025523	1	1
1.33793332650095e-07	0.0026651631863899	0.013391374664948	0.033019257944715	0.0771893874058195	0.227963368455867	0.613981617331267	1
1.39299144215708e-07	0.00254276657851352	0.0129145629593825	0.0315264609171874	0.074094607799777	0.22090754785448	0.610453704277668	1
2.10145841213802e-07	0.00397848106585971	0.0205736981465137	0.0505295675198588	0.119800781742529	0.356769848274703	1	1
2.18694103154072e-07	0.00412675772651734	0.0210554308634677	0.0508516276417974	0.119824248670941	0.357238567055002	1	1
2.21892588454707e-07	0.00400671446972664	0.0205836440754124	0.0502473547629799	0.118609132877048	0.355303288337215	1	1
2.25063878755388e-07	0.00403021887687273	0.0208762502017135	0.0502817462166199	0.118491405823258	0.355463189339714	1	1
2.11036268270993e-07	0.00422367987317564	0.0216316395703133	0.0521289127706909	0.121519115032071	0.36283064634922	1	1
2.18722946705529e-07	0.00491076759943255	0.0236457003224414	0.0566568984998668	0.128020071767373	0.36753088477369	1	1
2.08594598067413e-07	0.00437527169446398	0.0225747331866496	0.0548726863730155	0.12732384811977	0.372382659280749	1	1
2.16061166051865e-07	0.00415075106102237	0.0214045315372601	0.0519722171267797	0.122249568363806	0.36125686237271	1	1
2.15290026883266e-07	0.0041284015555135	0.0214413796473851	0.0522571329353482	0.121916804613751	0.36132986371926	1	1
2.24400754614858e-07	0.00389873871067854	0.0208560305346595	0.0509335856794619	0.120523625696848	0.35987261217962	1	1
2.25689158773e-07	0.00424431031988504	0.0218625088103405	0.0528561752954779	0.123483340641901	0.362401495145539	1	1
2.2489942497715e-07	0.0042490248360933	0.0219063284898993	0.0528808266943023	0.123935101222733	0.365725147713942	1	1
2.23996322876364e-07	0.00411996436666496	0.0215809257275233	0.0524471710272404	0.122908126340198	0.363121335000165	1	1
2.11773999023722e-07	0.0042083729085994	0.0218694773311817	0.0541967782821529	0.126396464221312	0.368605775288727	1	1
2.19438137426645e-07	0.00432556456495402	0.0220616520224626	0.0534103648970956	0.124169289501004	0.366484949945064	1	1
2.08782258685812e-07	0.00442367849703498	0.0225301110993033	0.0562206778366567	0.129365454344644	0.374478748993408	1	1
2.16579038787573e-07	0.00411045357714935	0.0217347894375269	0.0527872422817728	0.123498132655528	0.365064111727062	1	1
2.22266675557334e-07	0.00508879553688516	0.0246251472516726	0.0583865662021293	0.132354248627503	0.376508190526994	1	1
2.22177144948147e-07	0.00461217535197859	0.0235641079932005	0.0575461023130196	0.132164518621	0.377084604834619	1	1
2.15849715067584e-07	0.00439836964393215	0.0224833380208696	0.0547617202617912	0.127006835744626	0.371221793568671	1	1
2.20571805938278e-07	0.00403050860991016	0.0216402998806045	0.0537685685617682	0.125933928597818	0.371054053106191	1	1
2.02934308337982e-07	0.00413519240100306	0.0218408049348753	0.0549347231357085	0.128890276057628	0.378138455178813	1	1
2.14451178688013e-07	0.0038305269537253	0.0207374289791309	0.0509128543323213	0.12109757828862	0.364996763931714	1	1
2.15169492236577e-07	0.00387563289416523	0.0209966693914297	0.0514782251701399	0.122810569727933	0.371455701227693	1	1
2.03732003588128e-07	0.00394628890950204	0.0213128123593612	0.0532166329252513	0.127065205853872	0.378176513000445	1	1
2.16931597996246e-07	0.00368566784995622	0.0204425491371763	0.050332903230285	0.120589238283741	0.365222567480912	1	1
2.2465821622275e-07	0.00373292092075721	0.0205658870876792	0.0515934333302031	0.123231546686449	0.37420510306645	1	1
2.18747586940682e-07	0.00369924044275387	0.0205082425184497	0.0504049127208065	0.120713449629759	0.372111957639967	1	1
2.1552481261734e-07	0.00340744728748014	0.0197263395244273	0.0484616162162593	0.117399813829667	0.368271773340313	1	1
2.21519709383863e-07	0.00358994841027488	0.0199859512200309	0.0493390848710678	0.11920950248667	0.370479530360495	1	1
2.09095836149157e-07	0.00353769245180759	0.0199138692431734	0.0488924611750851	0.119320120706844	0.370527858256442	1	1
2.16375328106138e-07	0.00340466578775008	0.019572879429825	0.0489942982937291	0.120020365245881	0.372801275056533	1	1
2.15986686580639e-07	0.0035754436096559	0.0201887075680655	0.0510579567875436	0.123065758226663	0.376306044495417	1	1
2.19696155822574e-07	0.00302455697720938	0.01830859884163	0.0473724229915542	0.116586598402677	0.371108329757778	1	1
2.23718401174074e-07	0.00327188161717083	0.0188073348315009	0.0485909655798054	0.11840318753978	0.374724071316952	1	1
2.18528603208874e-07	0.00270319882169377	0.0171160343177318	0.0448650148817979	0.111895604515675	0.368059203769181	1	1
2.10444663260129e-07	0.00288561722262289	0.0178436029978263	0.0480501986281954	0.1190540175675	0.377018348459745	1	1
2.17911069620843e-07	0.00225908405875928	0.0158837557757329	0.0422207055611777	0.107724773089203	0.363633867564112	1	1
2.25291899449522e-07	0.00213261312018917	0.0159867131849381	0.0436879292655529	0.112027072876973	0.371734112302605	1	1
2.21545965470732e-07	0.00121119179322849	0.0130548175613284	0.0380008932733328	0.102149749121349	0.360943573128779	1	1
2.17802951926968e-07	0.000534052838124926	0.0114022023363287	0.0349915688477309	0.0984484588916531	0.359863620503621	1	1
2.16160084700168e-07	4.97168194810386e-06	0.0105812523061579	0.0365535349631371	0.103645302052375	0.36792997104968	1	1
1.79051478374341e-07	0.018242301771213	0.0559661205954679	0.151319627300767	0.480221078441378	1	1	1
5.1164896787612e-07	0.00211873837597501	0.0328197230444137	0.0725016820459819	0.181075639625166	1	1	1
1.83431882111998e-07	0.00113305873580581	0.0250096531027961	0.0555908661928621	0.152279095277271	1	1	1
2.92078936084951e-07	0.00155356786103585	0.0291929975827547	0.0652261917696829	0.164551431011539	1	1	1
3.18643953300817e-07	0.00129496902621452	0.0243224115994046	0.0504741581347093	0.100648153665409	0.218264097844087	1	1
2.68326714607706e-07	0.00103466781152732	0.0214808951379199	0.0447555543629924	0.0902388107760009	0.198647901685092	1	1
2.87293331950495e-07	0.00216303149625528	0.0237514016323433	0.0488332586849492	0.0971600192256698	0.213149530720707	1	1
1.86106481195429e-07	0.00155901399297411	0.021462916050344	0.0444628855288811	0.0897230512232035	0.201587190514227	1	1
2.49661521392372e-07	0.00169994529916066	0.0229211746175123	0.0473692790998604	0.0948269383782936	0.208999898387761	1	1
2.2325564780975e-07	0.00143999892837289	0.0218489139729012	0.0453666639131803	0.0918750572092597	0.205408368068191	1	1
2.78937071238854e-07	0.00150096038033628	0.0225676826856508	0.0468580807232727	0.0942600887354611	0.207539222736272	1	1
3.07224381326902e-07	0.00145286409929492	0.0219318269097836	0.0455352616783668	0.0918370481881442	0.202898047589057	1	1
2.60789582186402e-07	0.00137722978352639	0.0213299799270259	0.0442312170867248	0.0892946137302064	0.199190300505228	1	1
2.30490107249352e-07	0.00190200436502165	0.0241717280373468	0.0503450321660469	0.101243010099385	0.224435593112126	1	1
1.82397576009174e-07	0.0016463205210588	0.0196212368416109	0.0406631684027572	0.0806691583391533	0.17281769052202	0.422635794539345	1
1.84865504799293e-07	0.00123638049609767	0.0174148851486078	0.0363615658699826	0.0732620146864552	0.160933371144491	0.414559415588377	1
1.87715133274929e-07	0.00141086694169437	0.0181374116072902	0.0377577727674523	0.0756640282053251	0.164176594137919	0.416922256463548	1
1.8715740836399e-07	0.00180382310181213	0.0190632921437309	0.0393805389235005	0.07772703316579	0.166608647870074	0.419027283058362	1
1.90839840335756e-07	0.00140610794359385	0.0171103184048232	0.035943157208517	0.0722552078284029	0.158631227962769	0.409704892904498	1
1.92038247873753e-07	0.00175311716483949	0.0180396889287646	0.0377076701612507	0.0747768131483211	0.161865774482572	0.40370299671845	1
1.95914592992331e-07	0.00177596578547548	0.0176648351917465	0.0372517884553408	0.0741871748429989	0.161432840967309	0.404327753359201	1
2.00553970176421e-07	0.00187678405291095	0.0176808380107533	0.0374271813603536	0.0746167062660481	0.163842766489598	0.408811619455259	1
1.89498737938405e-07	0.0018779324929696	0.0172176658303456	0.0366592888491363	0.073292426872437	0.161105384038142	0.405907433656492	1
1.90962435397408e-07	0.00188785463633878	0.0167852161465614	0.0359442863275479	0.0720128892005396	0.159138354575995	0.408477242624649	1
1.99601754579263e-07	0.00232196721102057	0.0175623595801657	0.037668643522444	0.0743734101720248	0.162507964110008	0.412545289638114	1
1.96166552465039e-07	0.00245620140341475	0.0174466608431356	0.0374652613556404	0.0739406662875421	0.161459981336714	0.411207858275158	1
1.87602337074874e-07	0.00283467131320135	0.0178529888053933	0.0384299635451139	0.0752788145933607	0.163174449162018	0.410952862286377	1
1.9264756707314e-07	0.00293864598813368	0.0180304637450764	0.0389645116210792	0.0762304496432745	0.16568615476612	0.416041300556019	1
1.90760550870688e-07	0.00333182378150744	0.0185138837436529	0.0399441147890169	0.0777026859467084	0.168490973401493	0.419895447957279	1
1.91612030093053e-07	0.00344671719731383	0.0181801494152288	0.039752406599195	0.076871297456791	0.166667401179449	0.421848829988202	1
1.86373454008902e-07	0.00364658300113818	0.0180439323233259	0.0392642274233255	0.076121068941218	0.164847320070874	0.412563732732266	1
1.96437951340748e-07	0.00402913881995008	0.0181131506172277	0.039367933390248	0.0762768565056124	0.16647762787816	0.419054599142823	1
1.98565601805676e-07	0.00465060495989074	0.0194667759042231	0.0420728739729939	0.0804685115661485	0.172612283387267	0.424523725511649	1
1.90195172580247e-07	0.00488782574013976	0.019591624337146	0.0419954744960636	0.0802286982833174	0.170756655357028	0.42258286185535	1
1.81265355441423e-07	0.00453997209238588	0.0184609701249317	0.0400538430611803	0.0776738361948487	0.169124020668601	0.424478146104952	1
1.9488200868784e-07	0.00488432778374333	0.0185858971685593	0.040261843466873	0.0777407718496836	0.169539357396065	0.426415086985585	1
1.74537675877253e-07	0.00495076117625827	0.0186579030136024	0.0407262722138464	0.0787016561181913	0.170313515045671	0.427284288013695	1
1.85529961697339e-07	0.00477331485454915	0.0178759973395003	0.0393898661679621	0.0768223912400173	0.168218532031284	0.422701075053363	1
1.71313634663738e-07	0.00480637533412583	0.0180576562890006	0.0400757411841575	0.0782132399057295	0.170967923748986	0.429581787441923	1
1.77875111038538e-07	0.00481294475448076	0.0179244749393535	0.0407634613215907	0.0810267378309411	0.177261975530788	0.438997730669333	1
1.79901640577031e-07	0.00467078629430145	0.0176321597929548	0.0402119745050591	0.079721792906946	0.174309398079694	0.439387989010888	1
1.74928449890783e-07	0.00479164009940834	0.0177338963930278	0.0404633994580367	0.0801427696036629	0.175534751898105	0.445737807093454	1
1.70392178044832e-07	0.00472701980331972	0.0179911989032196	0.0412856839559066	0.0818620252746126	0.18071692168128	0.455578588791534	1
1.6718605802025e-07	0.00457638396618829	0.0174674321558977	0.0410848034560702	0.0824461326521059	0.181600171198523	0.458383544879425	1
1.62802071102828e-07	0.00466118609774506	0.0176702111933587	0.0415215286202785	0.083264793661399	0.183765442590454	0.46253484778332	1
1.69930493330313e-07	0.00469925786255648	0.0177512791942712	0.0420892342405186	0.0841587565438109	0.186273898387343	0.464585380641756	1
1.75462145358105e-07	0.00454324132975741	0.0172021332687633	0.0414850414134529	0.0842274445605419	0.188400197570376	0.475662610859177	1
1.66623455650501e-07	0.00454682085779088	0.0169581021988298	0.0411926507059169	0.0846197219521071	0.19012586069346	0.483936499134558	1
1.70049084668289e-07	0.0045093616272337	0.0172286930622524	0.0427045966818322	0.0872390915637799	0.194228874164528	0.486662795215839	1
1.62366076401033e-07	0.00457206634537667	0.0172285020008372	0.0420294330728657	0.0869080660544167	0.196999085229526	0.486567292133266	1
1.66760358194579e-07	0.00455656002730868	0.0171973286991742	0.0426434585164432	0.0888335763309686	0.199410368725496	0.496316347067661	1
1.61167861001101e-07	0.00469723730887708	0.0178739992886051	0.0447148948597284	0.0918268393161261	0.206459897971074	0.501222216473902	1
1.64877906261634e-07	0.0045356263233513	0.0172256192566842	0.0431032066444477	0.0897507936398018	0.203449773408293	0.498794247871509	1
1.49809210479993e-07	0.00434806252497132	0.0168971306592489	0.0429983894011781	0.0902281399523637	0.208816062303853	0.515881199498379	1
1.5527880386874e-07	0.00487559916267458	0.018287805846837	0.0465768088932519	0.0967928871127754	0.218851343681837	0.52266565880371	1
1.6284560315243e-07	0.00455218599052304	0.0176835668919256	0.0437639416191999	0.0949202593935043	0.21776332866835	0.524207487445418	1
1.50270772905699e-07	0.00458220667821347	0.0177435220523862	0.0442977200617793	0.0975667555368018	0.225574763165748	0.53710666249515	1
1.44366890550841e-07	0.00448273631849415	0.017354199546226	0.0431033337779834	0.0955023072716448	0.224275841240308	0.543496733554734	1
1.57915540136682e-07	0.00438026125231129	0.0170059245173193	0.041865146761176	0.0922912107842417	0.216865727100786	0.535855276092424	1
1.45464743855496e-07	0.00430866571299981	0.0170243208323842	0.0413986842422989	0.0918842601037629	0.216597876389297	0.535070240560865	1
1.52558117396217e-07	0.00459291468233052	0.0177812588149987	0.0433933257959453	0.097811569061763	0.230502805620058	0.553232180182121	1
1.53774684104511e-07	0.00391602610540547	0.0155690716668453	0.0383118861218501	0.0865513120748034	0.210855077970685	0.541370387701347	1
1.60352287561682e-07	0.00407310845635427	0.0164053218358605	0.0406821771158364	0.0926536363328779	0.222182846827165	0.550709566890075	1
1.47332819240016e-07	0.00377746615249477	0.0157006692151316	0.0386810530289123	0.0888058881266544	0.218722789469947	0.558493781229033	1
1.49371935821452e-07	0.00382825334316798	0.015668518579927	0.0387678428511637	0.0898854586121734	0.222647982029959	0.561319121489872	1
1.42371189310543e-07	0.00409117849602777	0.0166389208947232	0.0416546778261001	0.0953861341566564	0.231921528417361	0.569758252296839	1
1.50031116453552e-07	0.00385624978620566	0.0161481491261288	0.0400308523987875	0.092040639228576	0.226565139609955	0.568115627181077	1
1.41661017933577e-07	0.00384807989114767	0.0161272569256301	0.0398734683787817	0.0923859327775972	0.228688197724782	0.571257829427385	1
1.4323237074496e-07	0.00365385777770393	0.0153797190411108	0.0378594667000494	0.0885817732224791	0.225388883048191	0.578440061979511	1
1.42655529834764e-07	0.00374770342428907	0.0158939658565402	0.0393469629279648	0.0916082456608111	0.230937333850888	0.584536882374667	1
1.4277245839325e-07	0.00370194707367858	0.0161023061749659	0.0395735272449827	0.0920542558185488	0.232510659391744	0.586656457484075	1
1.4366420732699e-07	0.00354908057780595	0.0154246512838696	0.0379330973026183	0.0890929271812106	0.231462720000184	0.592517019898642	1
1.41500616871939e-07	0.00365623443935404	0.0156755798376903	0.0382800203817489	0.0900968387771686	0.233756189060106	0.59314341780873	1
1.29953958612003e-07	0.00365807398096928	0.0157216999589216	0.0390234843697227	0.0919706257270112	0.238146477084634	0.595088935940886	1
1.31794292305507e-07	0.00360062006578644	0.0157869793038151	0.0389560205082462	0.0915382528979588	0.239462716844444	0.600806686504344	1
1.3799093206389e-07	0.00377708779245281	0.016284861856588	0.0401899969545401	0.0937902286689132	0.242114473689476	0.60523871534306	1
1.28221287375063e-07	0.00366751348278892	0.0161036961452963	0.0404295823435184	0.0947555313701714	0.246928427005609	0.610788000590331	1
1.30475638502108e-07	0.00362422181067306	0.015995138999612	0.0391182926062326	0.0927923169681219	0.245066911821693	0.60527309464468	1
1.30523033203885e-07	0.00362331940173985	0.0160873554114784	0.0391180140972707	0.0929945286049711	0.249045126119839	0.617342099434274	1
1.34747590140411e-07	0.00379610910943566	0.016771089311646	0.0403515133434475	0.0943009449983244	0.248653096775854	0.618045154725942	1
1.22686515709088e-07	0.00357545312730996	0.0160044559742506	0.039123993740534	0.0925538486453262	0.247150268284738	0.620204874212583	1
1.24972584139354e-07	0.00357159148211861	0.0160988433162475	0.0390451844626585	0.0926465506629483	0.249597619522217	0.622225124363343	1
1.23774248148801e-07	0.00381657894166829	0.0173795135053177	0.0419336013045806	0.0968409717516222	0.255244655273247	0.625708530211747	1
1.26835644722705e-07	0.00392619738239133	0.0174697075258818	0.041840035138547	0.09663100428844	0.253462391138552	0.625298713797778	1
1.17617986424767e-07	0.00390973948674569	0.0176558711781947	0.0441435593390387	0.103069935301874	0.265802417543617	0.631966498633691	1
1.28453966594261e-07	0.00374635993572164	0.0173244580206014	0.0415520322059785	0.096651076636921	0.257259383241125	0.62794182062945	1
1.26269370194898e-07	0.00298462910329681	0.0143665501326649	0.0356280392248222	0.0856596255077765	0.241519843799738	0.620293609115739	1
1.25709725683779e-07	0.00307033434010062	0.0147114320675956	0.0353739625490614	0.0837488249283392	0.236407070216676	0.617874238481909	1
1.19750167620297e-07	0.00295651188837752	0.0144492947254003	0.0350490778099467	0.0833845564675329	0.234754995348305	0.617174521140036	1
1.21304989371257e-07	0.00298398143354355	0.014499464074557	0.0349826606648193	0.082722117926888	0.232158826078244	0.615936394456653	1
1.2376859530318e-07	0.00312181527933211	0.0152375230735604	0.0365669364079433	0.0860865038515549	0.237150530088517	0.618482686134972	1
1.31267842581503e-07	0.00301863530800424	0.0152387525774441	0.0364094989611463	0.0866572538872346	0.241132200894407	0.620501122865125	1
1.13968244344269e-07	0.00295952736913197	0.0147098812975148	0.0352210881368859	0.0844347414413837	0.23703901839607	0.618484463962899	1
1.24154029959112e-07	0.00298193149155796	0.0151880107929581	0.036246396584473	0.086101937162914	0.240645769805268	0.620300226792167	1
1.27752279132598e-07	0.00299936800947513	0.0154000262403181	0.0362129165474844	0.0858182322687182	0.242339047139186	0.621155726323447	1
1.21351506287707e-07	0.00296182621396406	0.0153066722455999	0.0361458810143627	0.0865929156932253	0.24522445417306	0.622603489778077	1
1.17617820417113e-07	0.00286987481817755	0.0152368005459349	0.0358402670018618	0.0854380552222724	0.24280246569294	0.621395998853462	1
1.22236970791843e-07	0.00298722709221105	0.0155822800886609	0.0361887441508082	0.0858855292329104	0.240931758644079	0.620462517805343	1
1.24544618171732e-07	0.00286303168253178	0.0154445290102402	0.0359999955163937	0.0857870802643983	0.245671856565451	0.622833063756507	1
1.14146520756974e-07	0.00280629221281021	0.0150308138532783	0.0352749276025692	0.0840797564569833	0.242983128002767	0.621490365462915	1
1.25126565521025e-07	0.00286852651456949	0.0152982241537315	0.0357321430627079	0.0848039041490468	0.24142883026181	0.620713601808229	1
1.20958621265251e-07	0.00294268133814104	0.0157553442542841	0.0376354282963341	0.089114449837855	0.250216576411375	0.625107985809135	1
1.14049573015506e-07	0.0024007435119764	0.01514430065201	0.036091557628622	0.0954022397283248	0.313860319154044	0.656930102552236	1
1.20666867858558e-07	0.0026839931417779	0.0153618576133373	0.0364095380401698	0.0893184602569794	0.283046461932801	0.641523110299533	1
1.90901446173905e-07	0.00426092027860157	0.0244101861193649	0.057269670246387	0.13669421692704	0.410609538772561	1	1
1.26602823394885e-07	0.00271740300134781	0.015612280372587	0.0369852424152882	0.0866734323215489	0.250562812851402	0.625281343124289	1
1.98498714522325e-07	0.00412063481476894	0.0236479458559026	0.0557916366933608	0.131568322463544	0.388100121163615	1	1
1.87642150656757e-07	0.0039434874382024	0.0232115216783915	0.0551292638629552	0.130136398955734	0.385810275396755	1	1
2.09805292296537e-07	0.00441115627053469	0.0256304439228219	0.0589722813640029	0.13660737289366	0.387112793842802	1	1
2.10146945251467e-07	0.00479597358452898	0.0267426698118659	0.0625180857714757	0.141409980929165	0.389574189752184	1	1
2.08870304073389e-07	0.00451055421646483	0.0267974334017035	0.0620309295146272	0.14127987367524	0.393508310949399	1	1
2.11707330705057e-07	0.00429660027665914	0.0247921986695465	0.0583827422958644	0.136563083915281	0.386968185892586	1	1
2.286908182466e-07	0.00430418989021926	0.0253556370914553	0.0590315035323584	0.137427630790566	0.388901314423347	1	1
2.20704657000686e-07	0.00446860719029288	0.025744536125159	0.0599566271208062	0.138604069529029	0.389784066977684	1	1
2.03446837001853e-07	0.00440014819067607	0.0255384780020056	0.0588781249688472	0.137003744845929	0.389885314983514	1	1
2.12520789846267e-07	0.00437835331241279	0.0260478231282975	0.0605424975698248	0.139965979671961	0.393151135009782	1	1
2.14165231045735e-07	0.0043357751025209	0.0259360519753316	0.0597193321814099	0.13852185727515	0.392425446941421	1	1
2.12953537797123e-07	0.00419710127644351	0.0253248606219095	0.058335427376455	0.135650764716154	0.385191210981588	1	1
2.17506346291419e-07	0.00447301801148303	0.0269888399668781	0.0613228692480175	0.141248621281647	0.394673530586939	1	1
2.00940199192019e-07	0.00559377326510744	0.03384978313529	0.0764505119453925	0.162257603325962	0.411451581951953	1	1
2.02900215094518e-07	0.00436661552904912	0.0265902760883517	0.0640422064911431	0.146637202850099	0.400403893168167	1	1
2.1407005399703e-07	0.00566536397903141	0.0311585385694298	0.0700195317517267	0.153303058119163	0.401735851253851	1	1
2.03969823888375e-07	0.00497910737093911	0.0277456072038878	0.0641142426824806	0.145262413297527	0.397321386684768	1	1
2.17074894094586e-07	0.00483621156553328	0.0272413796846119	0.0620074434981185	0.141977834482564	0.396229409089577	1	1
2.13768668952281e-07	0.00431898218751189	0.0258568168904611	0.0591089608833263	0.137763432474967	0.393415155429062	1	1
2.03315795990491e-07	0.00477548141622464	0.0287801641856379	0.0646316517558251	0.148836718507451	0.408305490929371	1	1
2.19140810242466e-07	0.00439793692075605	0.0258090897854962	0.0593722580006118	0.137682445681567	0.391598930242221	1	1
2.17984506533214e-07	0.00468230720033343	0.0277492096971716	0.0638779618099864	0.146106295348952	0.400327456325714	1	1
2.02190859274758e-07	0.00425935264148204	0.0259394697180772	0.0606922368010818	0.139839039900749	0.396765795453213	1	1
2.20982412672723e-07	0.00441478664037565	0.0261386837005803	0.0605993440800027	0.140365376740761	0.395511670412687	1	1
2.1617143951588e-07	0.00447691051237387	0.0267038740948361	0.0613682614498446	0.142576737618457	0.400353180897881	1	1
1.99624625853545e-07	0.00416916031095129	0.0257621568402775	0.0604976402372978	0.139630838171902	0.400087475511049	1	1
2.13161258197116e-07	0.00430990747948749	0.0256258201379409	0.0593619998277657	0.138061988999174	0.395864330532963	1	1
2.05835010888672e-07	0.00442401188903023	0.0271875115782194	0.0626821125258838	0.144588597563737	0.408183382527901	1	1
2.08576759793409e-07	0.00418384122469599	0.0255206180212823	0.059301501460663	0.138348130463929	0.395163480378558	1	1
2.04988560613375e-07	0.00407025285953917	0.0252008836646871	0.0585666666871655	0.13777957621075	0.398075690386098	1	1
2.17986644830218e-07	0.00404605011469367	0.0250743497948855	0.0593939491703101	0.139582734324199	0.402330756803854	1	1
2.00865327832302e-07	0.00388393197896538	0.0242518770864886	0.0568462938338362	0.135635116080073	0.397604480100272	1	1
2.0750258807603e-07	0.00372902901031433	0.0236845529055861	0.05618402325523	0.133872784728308	0.395365263693251	1	1
2.11214296335347e-07	0.00375644626032415	0.0239698656339132	0.0557643760898658	0.13473697906106	0.398757806480393	1	1
2.1046791648128e-07	0.00379915636040358	0.0241139405950096	0.0567796135724866	0.13561815900346	0.396939333464946	1	1
2.22659922149185e-07	0.00358950060496701	0.0231120999190854	0.0552826734509661	0.132881660259256	0.394226294622718	1	1
2.15527785518817e-07	0.00360340904608911	0.0229142675730041	0.0544755099010232	0.131737479398238	0.391854946351901	1	1
2.17773876237799e-07	0.00326334153542343	0.0222854540770427	0.0543069248390488	0.132342273459092	0.393928551440041	1	1
2.32552893574261e-07	0.00330480917058383	0.0225564679122355	0.0550899200645939	0.134138136883889	0.399095880860362	1	1
2.31379074816887e-07	0.0029308787407055	0.022436134747769	0.0560215015946646	0.136201061011885	0.40332912840428	1	1
2.12989142878442e-07	0.00251625373396591	0.0209019025255188	0.0531840279441755	0.131908648956619	0.399126318535913	1	1
2.30752261602916e-07	0.00160280520909385	0.0180362890236687	0.0481471516402332	0.124564455106224	0.391452059371634	1	1
2.29688212033457e-07	0.000818379099475208	0.0174827182589266	0.0491835962191483	0.129633959677775	0.402443606950181	1	1
2.35030330664172e-07	5.64072793594013e-06	0.0143194579260454	0.0429005563167927	0.118796080634206	0.38866566230372	1	1
1.87045281230997e-07	0.0262970701788284	0.072251290098066	0.184036096746553	0.502674841044244	1	1	1
2.35430168586835e-07	0.00153123781648878	0.0302464200488565	0.0666761780454776	0.177270441459818	1	1	1
3.42616762936267e-07	0.00188267911233479	0.0299998663794625	0.0676229557342568	0.16987281723143	1	1	1
2.79284907750799e-07	0.00161678033096937	0.02499432353425	0.0564015871202738	0.144978471322886	1	1	1
2.42008632931954e-07	0.00133467761061973	0.0219133976947226	0.0462858451086667	0.0930719220616038	0.202078176532713	1	1
2.46275271229113e-07	0.00123457793467154	0.0232286835823299	0.0494343426432774	0.0985665055287567	0.20827278040102	1	1
2.84983831442323e-07	0.0046979584613267	0.0268146986680711	0.0550064392096714	0.106367650231364	0.222973344607294	1	1
2.97332422703233e-07	0.00532254769881058	0.0299125337212134	0.0605416385811416	0.113724002367955	0.228460124302793	1	1
2.74070442133178e-07	0.00381231985007251	0.0243171740487083	0.0501546168399294	0.0975545516659783	0.206185934321211	1	1
2.70245802069272e-07	0.00519628628218796	0.0300145797610216	0.0608509770061359	0.114342890576124	0.228395807406627	1	1
2.76342332881974e-07	0.0038079973471136	0.0251554425622461	0.0518246884240197	0.100344322546771	0.210499903280184	1	1
2.41434915303425e-07	0.0030741907765585	0.0234107365623966	0.0488809129523313	0.0962135037928218	0.204274701749413	1	1
2.54726124838727e-07	0.00337282861898958	0.0234055099808064	0.0488358379279558	0.095121867346276	0.20140557875686	1	1
2.76626014629643e-07	0.00571205057608751	0.0324988540767344	0.0661053187160459	0.123811441749892	0.243481792060778	1	1
2.00282759199438e-07	0.00408216319800294	0.0236385729372728	0.0481145280907585	0.0908360423245538	0.180673474811739	0.414125862893233	1
1.98638018561928e-07	0.00304273716833162	0.0196379504290879	0.040928171896574	0.079903334794647	0.166160503889034	0.397868971609264	1
1.95257926934874e-07	0.00401645555705036	0.0234364184541391	0.0479379688997079	0.0907681856887265	0.180596009201335	0.417073079770088	1
2.00354707974999e-07	0.00337978356883026	0.0197826231560354	0.0409867629651535	0.0795572481521285	0.16542166251131	0.401238152024344	1
2.06534717143476e-07	0.00298360052385466	0.0190408486428914	0.0400220909533457	0.0787677973547447	0.164898557375654	0.397439093428251	1
2.03669969922019e-07	0.00323590848212103	0.018872670422884	0.0395944605026901	0.0770898982953638	0.161309263887848	0.391264269118093	1
2.00807527390649e-07	0.00325388517383807	0.0196018267862382	0.0411828125624386	0.0799776220091476	0.165795329337397	0.396168351408354	1
2.07606106442972e-07	0.00369850278628155	0.020914239163065	0.0439406628530809	0.0844178330323737	0.172234385633325	0.405141655874609	1
2.00469901448996e-07	0.00336147930749677	0.0187363179292261	0.0399059395222401	0.0782576358985462	0.165831709527132	0.402780317063196	1
2.03167957324977e-07	0.00349834905717878	0.0184303812487353	0.0394434335709857	0.07721682653276	0.164370394690327	0.401780076374899	1
1.94737757372723e-07	0.00415200372494382	0.0201927475374924	0.0426415319941477	0.0816819733789591	0.168732866728684	0.406439705003456	1
2.13283237366541e-07	0.00364714335896785	0.0182190807023246	0.0391709595250268	0.0762504636244372	0.161784293438491	0.39983184749566	1
1.92219308391084e-07	0.00458942820714552	0.0209963072748665	0.0442219740884528	0.0840999840265755	0.172134889515225	0.409864618018907	1
2.09721822876918e-07	0.00432467370954492	0.0193493548222702	0.041619924915393	0.0801103807898166	0.167590596157351	0.407408968669867	1
1.95695328987331e-07	0.00501136598470758	0.0210280501856757	0.0447077720791298	0.0845716933751652	0.173467079348976	0.413435149699099	1
2.01525101664376e-07	0.00477130830700576	0.0198685612981925	0.0425687517998711	0.0812940168607992	0.170144418933606	0.415484906676748	1
2.04837818632908e-07	0.0045295786834295	0.0183305267138217	0.0398071574840262	0.0769139380050148	0.16375431670098	0.409889078272832	1
2.07995427428523e-07	0.00461937044776008	0.018382219885278	0.0402229877378376	0.0779150871147249	0.166145083466485	0.414055249409397	1
1.98804508965785e-07	0.00489854310091695	0.0184383229885407	0.0401278949167079	0.077860195500378	0.16607691309082	0.417322473040618	1
2.03556249818072e-07	0.00529490517026768	0.0196918280511504	0.0426892060430965	0.0821968279015366	0.173590937838603	0.424412948864431	1
1.96109655105872e-07	0.00520376969823431	0.0188316257411964	0.0412363693984219	0.0802484630886329	0.171364146605303	0.423472913726656	1
2.08271806370535e-07	0.00547130035335395	0.0191212262710724	0.0415462682066006	0.0802746188730079	0.17141456961256	0.426092666791352	1
1.96783456336112e-07	0.00599205624543462	0.0203401283972696	0.0441609625702123	0.0846286932319085	0.177793852799678	0.434409122251329	1
1.95602006250658e-07	0.00521553189466754	0.0182191532702113	0.0402914704615542	0.0788675113282902	0.171312540318464	0.432187327258978	1
1.95829689269199e-07	0.00494411216497946	0.0175804145244531	0.0399018658261134	0.0790272669342745	0.172582746856052	0.432731718417273	1
1.99967365325979e-07	0.00504597649663575	0.0177698999523278	0.0404010065557301	0.0798699652216758	0.174710287281116	0.442777938640414	1
1.91697688145051e-07	0.00462087277273645	0.0166984022189391	0.0391933591320082	0.0784413521051378	0.172268168963109	0.444004817746298	1
1.7713257434387e-07	0.00508370488366907	0.0179426441181623	0.0412871232235153	0.0821735725638647	0.181457797544199	0.45610964789764	1
1.85237360375024e-07	0.00486655593177263	0.017350442596887	0.0408559522043153	0.0821188708893746	0.181707662473078	0.4654838890732	1
1.82453052092901e-07	0.0047698701408647	0.0173354118385028	0.0411794714043156	0.0830701448056893	0.185675172992861	0.475834823062504	1
1.9524549876146e-07	0.00508946441621498	0.0183649868590017	0.0433808163878138	0.0865560392654318	0.190237842209226	0.47785457217123	1
1.81416821838522e-07	0.00477597925172092	0.0167333433959197	0.0409094933245866	0.0837316642018168	0.187110951625567	0.473090079983048	1
1.84161045150763e-07	0.00453772815251481	0.0160663937399978	0.0401662605915621	0.0830553422356783	0.188000250459021	0.479318346307479	1
1.78300793438531e-07	0.00472176161183917	0.0166770081126861	0.0412867968262459	0.0850455558527235	0.192356066684497	0.492531336364447	1
1.72891629797527e-07	0.00441599800828842	0.0158271913581848	0.0399502417889443	0.0833204529069134	0.192120982646867	0.495763982178331	1
1.79158845636559e-07	0.00455135131455116	0.01626350253035	0.0412540115905024	0.0866100441106994	0.198886205288447	0.503729460110193	1
1.79030802428589e-07	0.00456564352353387	0.0163754104057357	0.0417920553649176	0.0873673896467561	0.200821178484579	0.506313073670638	1
1.7548194360993e-07	0.00453322504927533	0.0162591040032345	0.0419015784951792	0.0882282851623699	0.204682840954397	0.51631332792381	1
1.68415975333123e-07	0.0043676999042892	0.0159508454397754	0.0415116748480341	0.0876455261390857	0.203650618364516	0.514900856041561	1
1.65371805430149e-07	0.00435787781669528	0.0158186400484209	0.0415422243830805	0.0883262388828804	0.205640170796001	0.517795825354144	1
1.67323663029552e-07	0.00459420581580241	0.0166389996989847	0.0429978309833561	0.0905587455811912	0.209930960583397	0.528085025854016	1
1.54735526038894e-07	0.00418296547540943	0.0155181164353886	0.0404037668816459	0.0877122971417254	0.208135529752547	0.535252311748759	1
1.60210991467323e-07	0.00462945680943976	0.0166423973716426	0.0428532359976795	0.0920024435380419	0.215259648346486	0.53779849911139	1
1.68829655942044e-07	0.00430600037480184	0.0159918826701423	0.0419460656781128	0.0916878407193494	0.219930340883958	0.547848856938814	1
1.47741454227998e-07	0.0039554819540462	0.0149381384369929	0.0399726323730188	0.088667476979296	0.215986039023541	0.557493365300644	1
1.5061066600639e-07	0.00391301571351201	0.014684238714291	0.0370685983388246	0.0845841549145164	0.211660097029415	0.554909034169945	1
1.51239437437689e-07	0.00418691258602499	0.0155026472951129	0.0392932157618112	0.0892076747359964	0.218528282984716	0.552456037720326	1
1.45621220856279e-07	0.00370023522195805	0.0141072013916729	0.0370603094654813	0.0861119439835937	0.217212107938526	0.564275823484363	1
1.45679135003914e-07	0.00386792671348891	0.0146761530976993	0.0380363851121168	0.0864356554927371	0.214140024745058	0.556035115081418	1
1.5665002051332e-07	0.00382742995120195	0.0147620713330932	0.0385581493491897	0.0881613783447325	0.219008947379222	0.563946026548732	1
1.5489637509954e-07	0.00376537598229472	0.0145594847774813	0.0380138938950537	0.0875327160506257	0.219597830149619	0.569323485434862	1
1.52360057287382e-07	0.00383871164335558	0.0146137672547765	0.0380446110247737	0.087210287351068	0.219057043605448	0.572121309077612	1
1.48792961735807e-07	0.00380552878935499	0.0150646922039035	0.0397771200467567	0.0910413543254412	0.230793209327295	0.579292066894935	1
1.56426713302684e-07	0.00388501385158546	0.0148664819788605	0.0386226940747125	0.0886933207357687	0.224049199329868	0.577948995505861	1
1.44339676292295e-07	0.00371458156938221	0.0145560789953728	0.0388266512242458	0.0900715664982992	0.228042398913873	0.582779381712336	1
1.46568315418532e-07	0.00364412802625097	0.0142849877256364	0.0376252591144606	0.0874300521035705	0.225646611772924	0.587700250793045	1
1.50373158511504e-07	0.00369331514620106	0.0144454470992491	0.0379808012573602	0.0881466402952246	0.228601486017627	0.590371937481457	1
1.4859410657942e-07	0.00361024241345359	0.0142070825300584	0.0377292324133674	0.0878889562185296	0.231113317568489	0.598319668123979	1
1.51868406633126e-07	0.00362540260314598	0.0144759446518629	0.0386779976697312	0.0896799646693339	0.232289258286851	0.601031976196753	1
1.40277007812868e-07	0.00372996563774417	0.0149180389498751	0.0408155593012634	0.0951981496901562	0.24331818528685	0.605452258684269	1
1.44480505173197e-07	0.00378986813119812	0.0148986852129549	0.0395470593955022	0.0914321760107748	0.236734341816891	0.603118698392467	1
1.35325761586321e-07	0.00387924828163348	0.0153403930076638	0.0414973741389222	0.0963389509763483	0.246596286444581	0.606445349503138	1
1.413934379871e-07	0.00376417610609259	0.014994491311656	0.0400792425383855	0.0926487572082375	0.242905301462121	0.612995838508333	1
1.37378941676595e-07	0.00375085724459606	0.0150585179339966	0.0414595908085795	0.0970145357910609	0.252471172402879	0.615766898708858	1
1.42190007654088e-07	0.0036591176569703	0.0148127862373723	0.0408063993466085	0.095146870191756	0.252508409472528	0.620005309374886	1
1.32552879651662e-07	0.00373215887947218	0.0150439565231857	0.0409698417013745	0.0953467444151164	0.252935151552347	0.622934246216179	1
1.31563090553823e-07	0.00375020589623672	0.0151730396704818	0.041014267227792	0.094786865162041	0.249943954123424	0.623219754040171	1
1.31397704981405e-07	0.00391026430254164	0.0155789060957104	0.0419476661336738	0.0961660383447411	0.251854054466714	0.624702794816045	1
1.36545427981162e-07	0.00386109506702332	0.0154009588219953	0.0411607999923535	0.0947365833876101	0.254176719823802	0.626199244357602	1
1.40626604022202e-07	0.0040524368481078	0.0161283245887023	0.0424907502851204	0.0967681193863617	0.255847465135149	0.627293514441649	1
1.36511223611527e-07	0.00384142583242838	0.0156908730643562	0.0420775370098991	0.0970946998834877	0.26022588512171	0.629708937594577	1
1.31664962702608e-07	0.0039229575637242	0.0160974900049835	0.0439463412611002	0.101216781752816	0.26949342563925	0.634484633711365	1
1.3539762355507e-07	0.00303832267257578	0.0134244035802381	0.0377680839096984	0.0895343865282614	0.248672087806984	0.624166255283554	1
1.43328776433768e-07	0.00332336433916978	0.0139742690447395	0.0384410644970894	0.0891416125576647	0.244352057900239	0.622064232504501	1
1.41486582544404e-07	0.00327159424817426	0.013882946452422	0.0376287810874319	0.0868368240902979	0.23711976895807	0.618485957739656	1
1.46998856642893e-07	0.00357868716497123	0.0148983341207572	0.0395127046701831	0.0898493761515523	0.241818117138685	0.620867457892913	1
1.33375568930161e-07	0.00367623080642203	0.0154774345209316	0.0416409196245478	0.0944545772828062	0.249012053817042	0.624481485803838	1
1.39134441854534e-07	0.00318770919732923	0.0140598136182844	0.0376104049187921	0.0868822239471801	0.238438449636045	0.61920628531493	1
1.45455836044509e-07	0.00374403321978566	0.0156385387564893	0.0414211675187227	0.093207081546469	0.247288448668417	0.623634333337358	1
1.35436573021306e-07	0.00321837928470528	0.0142129848460018	0.0384764469027687	0.0886028769436841	0.242919985427025	0.621455455588316	1
1.33744875230743e-07	0.00312949633552416	0.0137350637066964	0.0368269188845356	0.0847174813379088	0.234526052297991	0.617261086848305	1
1.41499335448371e-07	0.00322321336217844	0.0143096862945583	0.0382785417248288	0.0875781836890603	0.240297850441145	0.620147580976886	1
1.41163722673703e-07	0.00309882604013313	0.0139848076778384	0.0377370156549157	0.0865477606986927	0.239203763198985	0.619601034617156	1
1.35312339443452e-07	0.00310988349742886	0.01401632868125	0.0385173339842759	0.0883659938982254	0.242686063600318	0.621342490550801	1
1.40693280207551e-07	0.00308920235351719	0.0138377468815334	0.0378232779845969	0.0870823871710239	0.240337044822065	0.620168100331192	1
1.45735799649418e-07	0.00327920122791155	0.0145932542978945	0.0395844664291756	0.0900470901515827	0.244924896513009	0.622462229652805	1
1.43197277304248e-07	0.00301129554443104	0.0139044556262425	0.0379933880089178	0.0871270946002741	0.240082407169143	0.620041060387294	1
2.28330103223473e-07	0.00485749461597617	0.0223151576482365	0.0609216681614677	0.140392645578707	0.388676973183086	1	1
1.77303769939139e-07	0.00456734511363221	0.0240014340328913	0.0719858625066001	0.175730730892239	0.508279908752388	1	1
1.25264574439288e-07	0.00315604095299785	0.0154471262615552	0.0440378885253015	0.102645550232785	0.303544874718515	0.65177237472697	1
2.21432838755707e-07	0.0048442862134586	0.0229521780355453	0.0639469252057443	0.148311508174636	0.417503867324529	1	1
2.12572109773938e-07	0.00459538386909299	0.0221219543199542	0.0618682622612656	0.143427504195111	0.398116313506449	1	1
2.26853718143783e-07	0.00479682187015029	0.0225873710081402	0.0617933648463395	0.142359101722795	0.392282255025774	1	1
2.30300604469997e-07	0.00453093409234271	0.022079609852352	0.0620247890964639	0.142436317852603	0.390322676479929	1	1
2.38686441679235e-07	0.00475224705383358	0.0225864206032227	0.0633559743335696	0.144817986073601	0.390820405876747	1	1
2.19353661275831e-07	0.00456913676437556	0.0218653923096361	0.0605418298657907	0.139639005292565	0.385244035335243	1	1
2.40259403272525e-07	0.0046915453677026	0.0224769879543546	0.062768489883157	0.143947817579684	0.389903290784995	1	1
2.18080390974525e-07	0.00439606452126447	0.0214902959678026	0.0602891964064713	0.139857353616264	0.386444995218587	1	1
2.12568043030574e-07	0.00452366052373365	0.0218985472249667	0.0618930119531262	0.142594044353598	0.387384214186961	1	1
2.07585161812634e-07	0.00472754447512092	0.0225682436219459	0.0622477321321072	0.143419342785378	0.393264276669504	1	1
2.27751523088311e-07	0.00465615213801742	0.0226999943062119	0.062854865341912	0.143818026533052	0.392185389739794	1	1
2.23709542688479e-07	0.0045493572601129	0.0223409771901276	0.0624825226919775	0.143162474424407	0.391792589039754	1	1
2.23225795794381e-07	0.00454063591225351	0.022445353767125	0.0619989557497273	0.142446407392881	0.392984325754297	1	1
2.11580834669466e-07	0.00435475673916696	0.0220367786733289	0.0623414466120196	0.143744845361915	0.395482241385804	1	1
2.16784167298412e-07	0.00472502771043619	0.0228132818456484	0.0637230556248663	0.145781716119832	0.393828111400181	1	1
2.15692817191925e-07	0.00510350774757815	0.0238922933603496	0.0655440862098307	0.148196710986508	0.39664377662593	1	1
2.16173589121453e-07	0.0046291412374468	0.0228102047769175	0.0643438526284114	0.147510155835217	0.398659550808576	1	1
2.16955318486068e-07	0.00477887480029263	0.0228868335024138	0.0634780888145648	0.145286732488018	0.395693957620816	1	1
2.17305752018064e-07	0.00473900384000994	0.0231491471509803	0.0650763362510977	0.148363763744317	0.401642309951452	1	1
2.27517618964413e-07	0.00456354840118819	0.0226336802521987	0.0624196862805056	0.143253738569515	0.395479998471082	1	1
2.0789696626352e-07	0.0043955655577096	0.0223119182133335	0.0630033835231259	0.144628306211442	0.399959044297646	1	1
2.17622125728572e-07	0.00458616867760392	0.0225796012770937	0.062316530946628	0.14273073549097	0.394769582781389	1	1
2.11741175210105e-07	0.0045928778314824	0.0231039265918754	0.0641596935004141	0.145953615554676	0.403283089269868	1	1
2.21455445046828e-07	0.00442910890093656	0.0222137527817572	0.0619317868509058	0.14267665666943	0.395253456864133	1	1
2.10006737016123e-07	0.00430072796735319	0.0217136465737821	0.0620025990433773	0.14404635100694	0.400340462922051	1	1
2.23239649326229e-07	0.00448086624127607	0.0221663577401986	0.0617020996358738	0.142935659430949	0.398216225906024	1	1
2.12268075900271e-07	0.00435085875172786	0.0221053851561784	0.0636468844140892	0.147925801269533	0.406027012386267	1	1
2.28563174175653e-07	0.00430864439638523	0.0220110907994637	0.0624939716462811	0.145321151830402	0.402529691499141	1	1
2.23709692826458e-07	0.0043316907821987	0.0218186300510573	0.0614711731045469	0.143405966650701	0.400079282715138	1	1
2.2340537709934e-07	0.00414729742047215	0.0213504050786298	0.0600238865029195	0.140845249776148	0.396793864752172	1	1
2.16769270788173e-07	0.00390748287522761	0.0204589005462586	0.0576435012572618	0.137103312234458	0.392606650481228	1	1
2.24885263538543e-07	0.00388129476341171	0.0203597624491984	0.0584274403199488	0.137652494697206	0.393676721136876	1	1
2.22042762327426e-07	0.00376584524907314	0.0202813859109871	0.0579580459082293	0.138017340207481	0.397406140859043	1	1
2.27516221337791e-07	0.00387869654136666	0.0205599583736321	0.0589596911785818	0.139860364194316	0.401061044649831	1	1
2.30009262473e-07	0.00366726768086951	0.0200335767521358	0.0573242884490958	0.137787278693713	0.402818441498639	1	1
2.11054930633631e-07	0.00344399435807959	0.0191566118338922	0.0553559093164501	0.134074333124459	0.397202846793326	1	1
2.29424468073635e-07	0.00367950961896496	0.019818832674541	0.0574107200418103	0.137901541571828	0.401711919495872	1	1
2.06627750396157e-07	0.00309734997843839	0.0179972770595053	0.053823429561943	0.132378961079804	0.395487993791249	1	1
2.16439113404789e-07	0.00329571837981472	0.0187395148777	0.0561867280834295	0.136826314321105	0.401278549130705	1	1
2.15725016184769e-07	0.00291228771849439	0.017487316986986	0.0534724069367673	0.132515994392012	0.398438280317832	1	1
2.13772324778307e-07	0.00282457372729578	0.0171101231029309	0.0530260113889344	0.13183104119521	0.397182780040677	1	1
2.16889723287753e-07	0.00216521010758164	0.0150059492851098	0.0489021259096897	0.125059482006612	0.390660902027008	1	1
2.27241946318181e-07	0.00197041491652494	0.014332376796234	0.0471442959090087	0.122227989117838	0.389220460137672	1	1
2.23505641282386e-07	0.001045559389919	0.0121631769985874	0.0428697230318093	0.116948656284085	0.389042188924848	1	1
2.23115178748725e-07	0.000423026378907583	0.0107563827674761	0.0415108021213791	0.116127434465494	0.387908942233249	1	1
2.24741726807553e-07	5.16905971657371e-06	0.0100744973876022	0.0397168074448843	0.111646296076549	0.384968868776003	1	1
1.93986270427724e-07	0.0173150205121082	0.0643817153197165	0.169007822302369	0.496339091104488	1	1	1
1.59207047013363e-07	0.00114215135527387	0.0252860592418974	0.055862887070143	0.151241600037191	1	1	1
3.38700723701836e-07	0.00177411439075022	0.0279817602886272	0.0635399170657408	0.160691816550204	1	1	1
2.64949932411272e-07	0.00151524866346007	0.0247577165343065	0.0564147293086026	0.146464322636951	1	1	1
2.99923009763394e-07	0.00143483167870808	0.0244476242948435	0.0513231253537217	0.099692009061274	0.203840274201612	1	1
3.17435023431466e-07	0.00128465953982714	0.0211157777586611	0.0445989859220741	0.0892541578432957	0.191240951911451	1	1
3.0223697675979e-07	0.00322093946132908	0.0235539320728439	0.0488605363739179	0.0957145214591276	0.202559221824411	1	1
2.74028684774665e-07	0.00286634004274299	0.0230200536931805	0.0480396946991617	0.0947733686866874	0.200705459446084	1	1
2.42128288283751e-07	0.00242854673148602	0.0214404599275262	0.0447068092770001	0.0890567214570699	0.192545741665581	1	1
2.58842245228696e-07	0.00246624891253902	0.0229952862238721	0.0483165288633693	0.0960092479157375	0.204261734030792	1	1
3.16800567706617e-07	0.00228793369997719	0.0222672783029627	0.0465180449603366	0.0920704817903034	0.196710026104367	1	1
2.57686265940472e-07	0.00214034212490156	0.0206205703730885	0.0433129383243384	0.0866882367250343	0.188439781811885	1	1
2.54072528560293e-07	0.00209330356280825	0.0217036376072059	0.04576176533658	0.0903868101803813	0.192398200759982	1	1
2.78310742850336e-07	0.00286131274724431	0.024814185832536	0.0522497805519793	0.103005867347081	0.215341267415991	1	1
2.12288038354504e-07	0.00218274561036101	0.019309295392649	0.0406130369056386	0.0803374360827253	0.166721260073864	0.389775910869593	1
2.17087334886087e-07	0.00204517978196182	0.0190615705270077	0.040048705714455	0.0787827305288399	0.163514305295563	0.386610834698632	1
2.04086214180318e-07	0.00204086214180318	0.0184712309868181	0.0391002655161646	0.0775617411819449	0.162716305876254	0.387671355887581	1
2.23703537334554e-07	0.0020392814463418	0.0176864490687445	0.0374036788494122	0.0741239433922673	0.156661600527224	0.379484417035293	1
2.19164680121479e-07	0.00196459219260893	0.0169966592727809	0.0362228808364376	0.0723052771129174	0.154548795810623	0.378764345150181	1
2.25256832208664e-07	0.002106151381151	0.0173709058726033	0.0371002507784313	0.0738844662212738	0.156357975454664	0.375411910274798	1
2.17433467533269e-07	0.00229153131433313	0.0174188125175578	0.0371319829845266	0.0734070606735045	0.155014407141559	0.375274727186228	1
2.16071670108688e-07	0.00221819176533579	0.0169724296870375	0.03645971754247	0.0723760148346166	0.154329622518471	0.376279522412466	1
2.1806312840342e-07	0.00234548700910719	0.0166489017904727	0.0358883935463781	0.0713781676940348	0.152613879107546	0.374998146463409	1
2.14266965926196e-07	0.00263034127370998	0.0170787913200452	0.0368337770445086	0.0728220566414724	0.154986367264293	0.379611855391225	1
2.18036217560026e-07	0.00285736463112415	0.0173733438514005	0.0374828241969617	0.073852791539497	0.156754086107735	0.382353325946266	1
2.12338614690137e-07	0.00295681520956016	0.0166603000472029	0.036235584596872	0.0715377286435661	0.1534995845595	0.38006998256063	1
2.23072525116293e-07	0.00337419501490905	0.0179709456958937	0.0388344728249704	0.0756760157105518	0.159479455801191	0.387172482130218	1
2.06564410398039e-07	0.00334221216024028	0.0172786998009752	0.0374796663158514	0.0733613503528637	0.156186862296934	0.384858415589003	1
2.1866220712384e-07	0.00389000066473311	0.0183241116191849	0.0396952810946405	0.0769905258038897	0.162477827652198	0.394095333223711	1
2.20438774563217e-07	0.0042646085327	0.018584090889552	0.0400488756850962	0.077019323883417	0.161818593437494	0.393505036034024	1
2.15955435436343e-07	0.00394636962716374	0.0169579005676389	0.0370264232273028	0.0722481068806641	0.155495903865278	0.388427812036708	1
2.10501897569356e-07	0.00435865229107108	0.0175225989574683	0.0380456919628902	0.0737310261483352	0.157240075940665	0.391813075998974	1
2.10490022878161e-07	0.00442639469110484	0.0172094537804955	0.0374263890078742	0.0728108143038074	0.156180439625252	0.391299900080386	1
1.97511903054838e-07	0.00468063707859354	0.0173944782782334	0.0381207848490989	0.0743318271075606	0.159937633641491	0.399238907632768	1
2.09896141290328e-07	0.00478605181370206	0.0178136756151689	0.0389143248029443	0.0756822516650536	0.162091455526891	0.402344455939756	1
2.00061498904763e-07	0.00484448919597884	0.0174113522496816	0.0381515277796395	0.0747801874296159	0.162069220078252	0.403358592431313	1
2.19967458014261e-07	0.00518023363623586	0.0177927277438576	0.0387034942050673	0.0753522723848234	0.162212362303121	0.405141343389659	1
2.07310343169103e-07	0.00482348975451553	0.0170537634497768	0.037902342731264	0.0745044349901714	0.162144675254567	0.408461910663339	1
2.14903746760863e-07	0.00481706748364475	0.016800530210524	0.0374974802535692	0.0742870675653082	0.162826121808303	0.41302308109221	1
2.07518089870689e-07	0.00497732138554848	0.0173016132248788	0.0386431886233603	0.0760726039390669	0.165061963864045	0.413202342381191	1
2.12757718743657e-07	0.00458258850401963	0.0161983089165483	0.0370260130352399	0.0739722419259509	0.163927056441644	0.42288617759908	1
2.14189222041185e-07	0.00473807978077305	0.0167009762102173	0.038334516014821	0.0764893272723495	0.168834868463186	0.429749683481877	1
1.97043325492323e-07	0.00439209572522387	0.0157969634047195	0.0370453274525096	0.0752411908825689	0.170268684337775	0.448072581303032	1
2.10652929286971e-07	0.0045627424483558	0.0161134745199483	0.0375111777710603	0.0757708053998772	0.170945062769307	0.442030104410124	1
1.9581182014136e-07	0.00437228213193644	0.0158231615619831	0.0378678520853176	0.0774110701037646	0.176416267732718	0.453103264887964	1
2.04551935122672e-07	0.00435102421199435	0.0152587561524108	0.0368823503180987	0.0763543281348504	0.17475035459078	0.457194030192684	1
1.90185333705843e-07	0.00430351373109582	0.0150564023134905	0.0362799444430603	0.0752386493113674	0.172820842182498	0.457736159309886	1
2.02948352485569e-07	0.00431691440572055	0.0152661809706695	0.0372667971218676	0.0774359586326314	0.178198800899954	0.465550126010632	1
1.88407866857436e-07	0.00417116176435677	0.0148919462042786	0.0365863584414449	0.0764696661450281	0.176234269356176	0.469424794550642	1
1.95910678052734e-07	0.00409218224316551	0.0146838971414085	0.0363935430191442	0.0769595916594555	0.179829154134097	0.480702700256467	1
1.82561072612024e-07	0.00411529169882024	0.0148274277564759	0.0369905245326482	0.0784477708288948	0.185248006478727	0.484659301787875	1
1.79629833210107e-07	0.00388629144150067	0.0140704048353477	0.0355785625445931	0.0760170102266857	0.18165174661272	0.4858600784192	1
1.77846608367363e-07	0.00382405777311503	0.0139872800548763	0.0359838821175769	0.0777154109243702	0.188881279030124	0.49664981451488	1
1.92556237974863e-07	0.0040361713041911	0.0146406284419428	0.037160080473103	0.079682274505092	0.190746209337899	0.499000825681148	1
1.74222007270981e-07	0.00415014243520204	0.0149573077682283	0.0380511317200259	0.0811614963091939	0.193666054392459	0.507716031369021	1
1.80539241829065e-07	0.00385776251940345	0.0142301030409669	0.0356081157444301	0.0787001246804004	0.192298665345601	0.513935643537544	1
1.69130246018547e-07	0.00390251129663196	0.0141655037552834	0.0355587885741694	0.079225512012222	0.197412205757769	0.525890373495396	1
1.7150552350689e-07	0.00375031128252517	0.0138977785918573	0.035395995963446	0.0791125823998288	0.198448698238775	0.52825210488729	1
1.66430058600024e-07	0.00376448149547393	0.0140773200766244	0.0355348146718082	0.0792802898545901	0.200089040081351	0.530048447790058	1
1.70427025363291e-07	0.00369502833690151	0.0138487296539956	0.0346657090940202	0.0803029987998529	0.204174814498704	0.54158538717782	1
1.56184061041729e-07	0.00363455928450207	0.0135317870486554	0.0335489610480075	0.0772859645818281	0.201991909040902	0.546489122873437	1
1.59029765760287e-07	0.00338828818928868	0.0128532627580437	0.0323000586342746	0.0754596238532562	0.195321789574676	0.537902120677829	1
1.60428768343425e-07	0.00328461860306329	0.012695530582857	0.0319339880538322	0.074746169602727	0.195331169897916	0.549829656733773	1
1.58083097012277e-07	0.00325983154349016	0.0125919510094159	0.0318167526032729	0.0748058700047915	0.196782945742561	0.54892616523446	1
1.59086082274549e-07	0.00324153801242621	0.0127364317469004	0.0323315417589035	0.0759370369103574	0.199007461932689	0.556993304862227	1
1.57545913605602e-07	0.00336817408697417	0.0130337734325915	0.0329934227731988	0.0772707565165716	0.203183341221132	0.55774435843838	1
1.4738180642343e-07	0.00319759567216273	0.0126004075401711	0.0318847273834512	0.0751940502554274	0.199864762454426	0.561372142303619	1
1.42979104032883e-07	0.00328651768529985	0.0131076093622145	0.0335487599493797	0.0785082532543116	0.211242046608614	0.57471823465416	1
1.5042606679158e-07	0.00313247241486787	0.0126640697110496	0.0319229686163088	0.0758884464356844	0.207200625050393	0.574510393237807	1
1.44417428757438e-07	0.00313847956175665	0.0127368951292623	0.032599635028274	0.0768270393329532	0.208844209987563	0.575915476522636	1
1.40483296255109e-07	0.00301589540400467	0.0122362355871162	0.0313489880426238	0.0746474852647071	0.207490456969685	0.5829344544275	1
1.40016880435105e-07	0.00308625207855059	0.0124885256166483	0.0328751234248801	0.077955098266647	0.210511039210887	0.585829367588556	1
1.38528119338096e-07	0.00296450175383525	0.012031721276991	0.031664341933944	0.076002067393653	0.210953113634201	0.588610689023627	1
1.40896150238129e-07	0.00306815456758549	0.0124573331233041	0.0319510199895004	0.0764663132803357	0.213731851519128	0.591499228029993	1
1.40706444847647e-07	0.00307457652636593	0.0127464561323035	0.0338663527974904	0.0812448862001451	0.22488083922952	0.601295765650602	1
1.47392059636006e-07	0.00320784078591804	0.0131180406996642	0.0333795849616471	0.0791401029327188	0.219479157731023	0.599344459075563	1
1.41137045199986e-07	0.00341269375293565	0.0139351661578206	0.0364970519293999	0.0860505507732052	0.231565949389385	0.600834797394949	1
1.36042964544891e-07	0.00303566271085469	0.0127379748562672	0.0326866349623073	0.0775813574339794	0.223773399219848	0.606542523833707	1
1.34333436814857e-07	0.0030297563339223	0.0126501797448551	0.0327103261978546	0.0781041468328944	0.221137823016503	0.605893234739755	1
1.42607803299346e-07	0.00319042177541296	0.0134141178017463	0.0341481515390448	0.0807910283719651	0.227086954680238	0.610584436725559	1
1.42161991029863e-07	0.00309898924245998	0.0132307321811673	0.0341802918272919	0.0807360692977155	0.227291576660356	0.611530560065645	1
1.38063728007829e-07	0.00332112297722832	0.0141421437872979	0.0362494601708235	0.0844668365402776	0.233576767298557	0.615291910901401	1
1.40738743293095e-07	0.0032672499255492	0.0139268023425682	0.0363207289591357	0.0853974546553843	0.237690567295356	0.617781720964612	1
1.31634095126169e-07	0.00337759924684236	0.0146729893155238	0.038461902986725	0.0898926602934703	0.24655724187607	0.622603469664133	1
1.41235277634659e-07	0.00333583602245302	0.0143993602606864	0.0370484143232909	0.0863049235747666	0.240703046614421	0.619865956422702	1
1.36905096018389e-07	0.00335472247283461	0.0144872972606659	0.0371563168695828	0.0865608481544509	0.24264552669444	0.621014521523535	1
1.42253905011946e-07	0.00285091051034442	0.0128047007518403	0.0341597147183287	0.0810218496307942	0.234778547655912	0.617181654253591	1
1.5050949722453e-07	0.00276079570758955	0.0123378655254836	0.0319712274004346	0.0760012757184985	0.221112298296579	0.610416852608608	1
1.45059393117918e-07	0.00282401626521963	0.0126876198190587	0.0324042375910393	0.0767216229012807	0.223201872774789	0.611521371310269	1
1.40079231614986e-07	0.00278253385680008	0.0124449190951386	0.0322056161406014	0.0755972593218176	0.219221476051284	0.609563741443435	1
1.4857584849067e-07	0.00297211127320736	0.0132306793080942	0.0337975882871121	0.0786624429524458	0.223676185475552	0.611807560400911	1
1.36575321904619e-07	0.00288501709991318	0.0132943784095176	0.0344518078270498	0.0806511419677253	0.228982867581894	0.614477229957469	1
1.47223519016052e-07	0.00291988405264536	0.0132798558622859	0.0342827630851159	0.0797534830508188	0.226427711117422	0.61320509575933	1
1.45387445183481e-07	0.00283287436940013	0.0132927741131257	0.0338267153210598	0.0790845185196709	0.226497646976893	0.613242789909472	1
1.46685594975842e-07	0.0027736779153982	0.0129524847219619	0.0331323153939784	0.0775745302173793	0.224231668187796	0.612112680353606	1
1.42362048327929e-07	0.00292525536904229	0.0135290925387481	0.0350306021459086	0.0811009540535031	0.229365048181012	0.614681456375143	1
1.45216559276601e-07	0.00264526484378256	0.0127452217580294	0.0330576784199625	0.0775717816343746	0.223806018558386	0.611902210588117	1
1.41834556230877e-07	0.00268365163844443	0.0127879454243321	0.0326820857849436	0.076476625381464	0.223325175009659	0.611662232918439	1
2.40350411672185e-07	0.00437053188584701	0.0209263489426505	0.0540649023023647	0.126743982587093	0.366589418044355	1	1
2.29263043118418e-07	0.00448232175600818	0.0213157314339349	0.0554032484739106	0.129277761805786	0.371016153415492	1	1
1.38373064852688e-07	0.0025942182198582	0.0128213714431204	0.0334267812764638	0.0781816118801578	0.225872857293091	0.612936359460013	1
1.39849362657507e-07	0.00259924025435243	0.012830060228925	0.0331140914874952	0.0772557247686227	0.222279373995095	0.611139477223503	1
1.79250210708623e-07	0.0035817777103797	0.0217337295479991	0.0624152818691638	0.158850998979349	0.505990362791672	1	1
2.04884361217685e-07	0.00379158998869448	0.0200538763916258	0.0543978223251015	0.13397142518791	0.436672907444309	1	1
2.18559027219997e-07	0.00373932639670693	0.0198746651402504	0.0523394230435088	0.126011955615907	0.38781922458317	1	1
2.26284327615355e-07	0.00376605006450235	0.0196885467771568	0.0520119052710445	0.123356864640562	0.370673867939109	1	1
2.29055350538292e-07	0.00373154071561931	0.0198414616296784	0.0530618172289479	0.125282969253671	0.368904407643394	1	1
2.38682852546507e-07	0.00366473651799907	0.0194583808710015	0.0505270117384227	0.12046490646019	0.360231140474406	1	1
2.26442660529165e-07	0.00355130024507889	0.0189156612046433	0.0492413151880301	0.117434748849049	0.352861295492047	1	1
2.3512913997755e-07	0.00372844277262401	0.0195143078432968	0.0502379271767433	0.119751270990566	0.355624829825285	1	1
2.12804579214057e-07	0.00360405835356928	0.018814265652894	0.049553248706627	0.118559389608369	0.354428793140542	1	1
2.29416309847833e-07	0.00360367139508976	0.0193170827054974	0.0509490035073165	0.120678484971396	0.356771497684731	1	1
2.29248747270221e-07	0.00358682589978987	0.0191081123337202	0.0508322417272151	0.121053884001051	0.358665167074194	1	1
2.29918514579248e-07	0.00382998261586111	0.0199944037833551	0.0523538252807822	0.123294493198665	0.359513924669958	1	1
2.37085704585522e-07	0.00375543756063467	0.0199915407820604	0.0530917872563589	0.125071007168523	0.36398156042224	1	1
2.26170454720223e-07	0.00364812943463719	0.0195759575378541	0.0517116127672317	0.122558150685613	0.361453407529305	1	1
2.27121794516553e-07	0.00349018061633587	0.018866098983312	0.0501516719343782	0.1201083643506	0.358362306503587	1	1
2.33125012821876e-07	0.00358779394732867	0.0193596335647798	0.050469000900795	0.120595569132756	0.360114035431272	1	1
2.18305196340419e-07	0.00361054964227419	0.0195575259297455	0.0510936762878861	0.121355640340443	0.360268628910201	1	1
2.29310989270539e-07	0.00366026201073634	0.0197913728619617	0.0517082522145709	0.122601808346461	0.362320535487022	1	1
2.31737250743413e-07	0.00361162505283609	0.019726633469533	0.0521513095935514	0.123626261577593	0.364902744510608	1	1
2.29111870744247e-07	0.00352671902636619	0.01960349899649	0.0517969244022471	0.123344208510131	0.369427770191629	1	1
2.31473176309646e-07	0.00384106588768227	0.0207154604406555	0.055115383591561	0.129488872505732	0.372428535550229	1	1
2.20716396866622e-07	0.00360694735759433	0.0197558832507376	0.0527386380165012	0.125258100236586	0.367643550081985	1	1
2.40046933976531e-07	0.00364295227002784	0.0199913487084995	0.0527750385755423	0.124160195801483	0.367178910820644	1	1
2.28872808285379e-07	0.00351228211594742	0.0192349285539198	0.0499681981232887	0.119439563731808	0.362146360041188	1	1
2.22894521631579e-07	0.00346400376067637	0.0190191437417794	0.0483600869912739	0.116165714944208	0.358579332729586	1	1
2.20134079264999e-07	0.00349881105583789	0.019490671378123	0.0502213888435168	0.120781845806644	0.367664637177212	1	1
2.46848972861424e-07	0.00351142663895376	0.0195060058355097	0.0506748850918031	0.121233208098621	0.366026422714055	1	1
2.30650924587296e-07	0.00345584280309146	0.0191202696955131	0.0495560431003544	0.119108598758729	0.364823565881746	1	1
2.34540277601873e-07	0.00340224126689276	0.0190022187510261	0.0498876552070287	0.119553153863113	0.365283582649648	1	1
2.32277461932047e-07	0.00352713325943813	0.0196506732794512	0.0522375752462838	0.124829392204211	0.375499280404423	1	1
2.37967472226221e-07	0.00331845640019466	0.019074520703765	0.0504012726500415	0.121046914097312	0.369418324209264	1	1
2.34295906827078e-07	0.00325999324759197	0.0185524870861954	0.0494526027580846	0.119562138437485	0.366163266291122	1	1
2.33034559724311e-07	0.00313361572461281	0.0184605317522405	0.0489475110627331	0.119609415435137	0.369068483963377	1	1
2.35129471692293e-07	0.00309124716433857	0.0179429651143105	0.0474928614692394	0.11721368754491	0.370046292290387	1	1
2.27638811871091e-07	0.00301644189610383	0.017777225374261	0.0470599992169225	0.116409252698203	0.36698563416986	1	1
2.35272472579582e-07	0.00298372549725425	0.0175797944236189	0.0470184978276116	0.115274571210037	0.369809271664654	1	1
2.41329105569176e-07	0.00296931331492314	0.0175914438213595	0.0476798740455132	0.116975354747752	0.369262973671719	1	1
2.50837798246142e-07	0.00285879838661128	0.0173835610940541	0.0469977223927919	0.116229456384324	0.369434661770313	1	1
2.31668586040902e-07	0.00268086887766532	0.0164563463408294	0.0438289164559062	0.111203701322665	0.366902343119246	1	1
2.46789880627735e-07	0.00258907263766557	0.0164470648045548	0.0449053930992614	0.112923398888952	0.367693477096665	1	1
2.39100027496503e-07	0.00250337728788839	0.015828660920296	0.0431415352612766	0.109839683431564	0.363648905519624	1	1
2.48616634889317e-07	0.00232307383640578	0.0155014958019838	0.043850504828508	0.111655471045237	0.365574850140108	1	1
2.42002541994701e-07	0.00209041795775023	0.014613807503434	0.0424549899472144	0.109545112661863	0.36663239910672	1	1
2.38991912991648e-07	0.00184023773003569	0.0138292670452617	0.0420336586650581	0.110232868940181	0.369768765764504	1	1
2.44887783846369e-07	0.00142892021874356	0.0124314834591771	0.0385183995211954	0.102750261234043	0.361550364968509	1	1
2.44817818820125e-07	0.000911701557286146	0.0109502114001866	0.03663111095878	0.101905172266058	0.36183559504195	1	1
2.56539447044614e-07	0.00040918041803616	0.00947708025272214	0.0319517315899597	0.0937590109480774	0.352606799937199	1	1
2.57983293001945e-07	6.96554891105252e-06	0.00855601591240951	0.0304670529536507	0.0919968422844937	0.355384627291537	1	1
2.1289296848588e-07	0.015477105915955	0.0489966780181197	0.13398823468299	0.458132255924598	1	1	1
1	1	1	1	1	1	1	1
1	1	1	1	1	1	1	1
1	1	1	1	1	1	1	1
1	1	1	1	1	1	1	1
1	1	1	1	1	1	1	1
1	1	1	1	1	1	1	1
1	1	1	1	1	1	1	1
1	1	1	1	1	1	1	1
1	1	1	1	1	1	1	1
1	1	1	1	1	1	1	1
1	1	1	1	1	1	1	1
1	1	1	1	1	1	1	1
1	1	1	1	1	1	1	1
1	1	1	1	1	1	1	1
1	1	1	1	1	1	1	1
1	1	1	1	1	1	1	1
1	1	1	1	1	1	1	1
1	1	1	1	1	1	1	1
1	1	1	1	1	1	1	1
1	1	1	1	1	1	1	1
1	1	1	1	1	1	1	1
1	1	1	1	1	1	1	1
1	1	1	1	1	1	1	1
1	1	1	1	1	1	1	1
1	1	1	1	1	1	1	1
1	1	1	1	1	1	1	1
1	1	1	1	1	1	1	1
1	1	1	1	1	1	1	1
1	1	1	1	1	1	1	1
1	1	1	1	1	1	1	1
1	1	1	1	1	1	1	1
1	1	1	1	1	1	1	1
1	1	1	1	1	1	1	1
1	1	1	1	1	1	1	1
1	1	1	1	1	1	1	1
1	1	1	1	1	1	1	1
1	1	1	1	1	1	1	1
1	1	1	1	1	1	1	1
1	1	1	1	1	1	1	1
1	1	1	1	1	1	1	1
1	1	1	1	1	1	1	1
1	1	1	1	1	1	1	1
1	1	1	1	1	1	1	1
1	1	1	1	1	1	1	1
1	1	1	1	1	1	1	1
1	1	1	1	1	1	1	1
1	1	1	1	1	1	1	1
1	1	1	1	1	1	1	1
1	1	1	1	1	1	1	1
1	1	1	1	1	1	1	1
1	1	1	1	1	1	1	1
1	1	1	1	1	1	1	1
1	1	1	1	1	1	1	1
1	1	1	1	1	1	1	1
1	1	1	1	1	1	1	1
1	1	1	1	1	1	1	1
1	1	1	1	1	1	1	1
1	1	1	1	1	1	1	1
1	1	1	1	1	1	1	1
1	1	1	1	1	1	1	1
1	1	1	1	1	1	1	1
1	1	1	1	1	1	1	1
1	1	1	1	1	1	1	1
1	1	1	1	1	1	1	1
1	1	1	1	1	1	1	1
1	1	1	1	1	1	1	1
1	1	1	1	1	1	1	1
1	1	1	1	1	1	1	1
1	1	1	1	1	1	1	1
1	1	1	1	1	1	1	1
1	1	1	1	1	1	1	1
1	1	1	1	1	1	1	1
1	1	1	1	1	1	1	1
1	1	1	1	1	1	1	1
1	1	1	1	1	1	1	1
1	1	1	1	1	1	1	1
1	1	1	1	1	1	1	1
1	1	1	1	1	1	1	1
1	1	1	1	1	1	1	1
1	1	1	1	1	1	1	1
1	1	1	1	1	1	1	1
1	1	1	1	1	1	1	1
1	1	1	1	1	1	1	1
1	1	1	1	1	1	1	1
1	1	1	1	1	1	1	1
1	1	1	1	1	1	1	1
1	1	1	1	1	1	1	1
1	1	1	1	1	1	1	1
1	1	1	1	1	1	1	1
1	1	1	1	1	1	1	1
1	1	1	1	1	1	1	1
1	1	1	1	1	1	1	1
1	1	1	1	1	1	1	1
1	1	1	1	1	1	1	1
1	1	1	1	1	1	1	1
1	1	1	1	1	1	1	1
1	1	1	1	1	1	1	1
1	1	1	1	1	1	1	1
1	1	1	1	1	1	1	1
1	1	1	1	1	1	1	1
1	1	1	1	1	1	1	1
1	1	1	1	1	1	1	1
1	1	1	1	1	1	1	1
1	1	1	1	1	1	1	1
1	1	1	1	1	1	1	1
1	1	1	1	1	1	1	1
1	1	1	1	1	1	1	1
1	1	1	1	1	1	1	1
1	1	1	1	1	1	1	1
1	1	1	1	1	1	1	1
1	1	1	1	1	1	1	1
1	1	1	1	1	1	1	1
1	1	1	1	1	1	1	1
1	1	1	1	1	1	1	1
1	1	1	1	1	1	1	1
1	1	1	1	1	1	1	1
1	1	1	1	1	1	1	1
1	1	1	1	1	1	1	1
1	1	1	1	1	1	1	1
1	1	1	1	1	1	1	1
1	1	1	1	1	1	1	1
1	1	1	1	1	1	1	1
1	1	1	1	1	1	1	1
1	1	1	1	1	1	1	1
1	1	1	1	1	1	1	1
1	1	1	1	1	1	1	1
1	1	1	1	1	1	1	1
1	1	1	1	1	1	1	1
1	1	1	1	1	1	1	1
1	1	1	1	1	1	1	1
1	1	1	1	1	1	1	1
1	1	1	1	1	1	1	1
1	1	1	1	1	1	1	1
1	1	1	1	1	1	1	1
1	1	1	1	1	1	1	1
1	1	1	1	1	1	1	1
1	1	1	1	1	1	1	1
1	1	1	1	1	1	1	1
1	1	1	1	1	1	1	1
1	1	1	1	1	1	1	1
1	1	1	1	1	1	1	1
1	1	1	1	1	1	1	1
1	1	1	1	1	1	1	1
1	1	1	1	1	1	1	1
1	1	1	1	1	1	1	1
1	1	1	1	1	1	1	1
1	1	1	1	1	1	1	1
1	1	1	1	1	1	1	1
1	1	1	1	1	1	1	1
1	1	1	1	1	1	1	1
