4.99876280620546e-07	0.000500376156901167	0.0187093694310658	0.0226818862331573	0.103334424729879	0.854773443572716	0	0
3.57155740260631e-07	0.000417157904624417	0.0113764817945219	0.0163534470350538	0.0701225294198112	0.901730026690248	0	0
2.62498333135585e-07	0.000613983601204132	0.0440837075684569	0.061045562360679	0.13353526455107	0.760721219420257	0	0
1.8349657494468e-07	0.000494706766050858	0.0356847624260669	0.0404859503094945	0.0763547598002309	0.157765951219638	0.689213685981944	0
2.34807761711448e-07	0.000263689116401956	0.015073014647543	0.0169059240354625	0.0427115318553124	0.129715321417779	0.79533028411974	0
2.05438448791796e-07	0.00127638908234343	0.0125389357220073	0.0155892858096679	0.0340951812768328	0.102442087928478	0.834057914742222	0
3.57571176330504e-07	0.00156651932350394	0.0142184602556062	0.0174026315808293	0.0358879886835874	0.0962181126964228	0.834705929888874	0
3.12165982398833e-07	0.00147810592665848	0.0132870328748239	0.0163418891785789	0.0336052923371992	0.0895238969302846	0.845763470586472	0
3.27738938892747e-07	0.00135782242383265	0.0127618265415447	0.0157367128898741	0.0321092393212002	0.0845474695440398	0.85348660154057	0
2.21477320168721e-07	0.00119752787015228	0.0112275712686332	0.0138985877498679	0.0292383284220738	0.0802077900217823	0.86422997319017	0
2.84254193744247e-07	0.0011833502085573	0.0116996183603195	0.0145137348783875	0.0304581211138899	0.0813754378225219	0.86076945336213	0
3.19079519402428e-07	0.00127823255472613	0.0120337649947432	0.01505768160012	0.0314599642950018	0.082789967501751	0.857380069974139	0
2.65913882193768e-07	0.00146172861041914	0.0124354627007916	0.0157944868606633	0.0329552392480381	0.0863204326099767	0.851032384056229	0
2.16934892198544e-07	0.00113370174662959	0.0100345403735359	0.0126236583119255	0.0263345943035501	0.0663820770127545	0.211980099260729	0.671511112055983
2.17138243885767e-07	0.00124615638166042	0.0100055131400123	0.0127494891279967	0.026396844894461	0.0669048528443264	0.212431989587787	0.670264936885512
2.25155700795993e-07	0.00118499445328931	0.0100225808652328	0.0127366076826277	0.0263267806269731	0.0666341541834717	0.212257206164493	0.670837450868212
2.10007266251412e-07	0.00118654105432048	0.00986698139755636	0.0126285769487624	0.0260438411169026	0.0664221482063279	0.214035835639913	0.669815865628951
2.07650767954835e-07	0.00123552206933127	0.00998447187557234	0.0129383040497299	0.0265159648139927	0.0671598649273285	0.215246633046623	0.666919031566654
2.10788314570363e-07	0.0011707182991238	0.0099251785798601	0.012908676384289	0.0263972314219611	0.0673677345483734	0.210178293187996	0.672051956790082
2.14186102449068e-07	0.00140506083206589	0.0101573475364422	0.0133590013958508	0.0268561528277813	0.06804264102602	0.212628541112059	0.667551041083679
2.00371448591399e-07	0.00137474850878559	0.00988332170177074	0.0131690127157725	0.0265600369965843	0.0680084741093038	0.213792328218051	0.667211877378284
2.16352530004851e-07	0.00148201483053323	0.00974992676466859	0.0133489511012993	0.0265220075957046	0.0680584480686859	0.215352764963698	0.66548567032288
2.14126939160327e-07	0.0015468530084942	0.00949503086318638	0.0133064903802402	0.0260763786509446	0.0673735425182227	0.215407418256506	0.666794072195467
2.0834509615022e-07	0.00164863474583669	0.00953282987435332	0.0134903449757268	0.0264114911487711	0.0679188345842026	0.215255694644427	0.665741961681587
2.02470791563609e-07	0.00182689395227844	0.00965522463729382	0.0138953679542189	0.0268435775455033	0.0686685763711727	0.218143853067756	0.660966304000985
2.16486531831638e-07	0.00212308341767288	0.00987568260909568	0.0144180030199871	0.0273221157228756	0.06982123624634	0.221021924673511	0.655417737823986
2.07708822141428e-07	0.00231159148161195	0.00990874936025683	0.0147371486397565	0.0274636758811839	0.0701094126991512	0.220912664256137	0.654556549973081
2.05048583186057e-07	0.00238717560545208	0.00942054705731703	0.0143894893736647	0.0269802925756214	0.0700659210690085	0.223380336620057	0.653376032650296
1.96428613520417e-07	0.00263489342176288	0.00971398422442519	0.0152939318486997	0.0277972023851148	0.0711961402563158	0.225810994816642	0.647552656618426
2.06902644650294e-07	0.00282132446245141	0.00957731651821747	0.0152915537581693	0.0274561878477387	0.0711188529482903	0.231798205367841	0.641936352194647
1.96534816044395e-07	0.00295725937702001	0.00936822507638817	0.0150926946633133	0.0274291850664199	0.0708201417527014	0.225923060157145	0.648409237372196
1.97574301273544e-07	0.0031388629243328	0.00931424528493869	0.0150306625436861	0.0273189937856955	0.07131819795641	0.228811391027795	0.64506744890284
2.11384313592857e-07	0.00340053945276829	0.00947361078229107	0.0154938360334156	0.0282737088646126	0.0732639006324619	0.23207017113674	0.638024021713397
2.15889790852447e-07	0.00353109341918263	0.00929988452055087	0.0154982963057155	0.0283733157627829	0.0740851724085075	0.233206310976722	0.636005710716748
1.9393676110094e-07	0.00367490768610172	0.00931167964750054	0.0155766127781053	0.0286087752505663	0.0740840366773203	0.235190019238527	0.633553774785118
2.07223221268397e-07	0.00371799903599757	0.00919304376512989	0.0156387220626834	0.0288056855420773	0.0755796966003373	0.238765082224102	0.628299563546451
2.06044182466135e-07	0.00371085572621508	0.00913682322727827	0.015855511929134	0.0292349909175724	0.0765773506344512	0.242137766085457	0.623346495435709
2.12761023201802e-07	0.00378693345196888	0.00931169894145008	0.0161957946081676	0.0295367618070134	0.0772873565272635	0.241916517255238	0.621964724647875
1.93595886784351e-07	0.00377182866221951	0.00922658636825538	0.016174549149059	0.0299066925904465	0.0771353771509229	0.257508277676129	0.606276494807081
1.93624337804765e-07	0.00362329223334056	0.00898649276619474	0.0160218330803309	0.0294343845844047	0.0784176631865919	0.248038004585024	0.615478135939775
2.02892846201136e-07	0.00383021115058504	0.00923771128753771	0.0165542302143969	0.0306650218819935	0.0797898435899049	0.260061151903845	0.599861627078891
2.03855436325041e-07	0.00381535834625947	0.00939712404827541	0.0170013395340721	0.031057987290429	0.079838554648648	0.252512263433411	0.606377168843469
1.91933864196811e-07	0.00373272979089957	0.00947366360289037	0.0172976556430092	0.0316652489151898	0.0822546010385925	0.262660917351743	0.592914991723812
1.92033158749588e-07	0.00352035186619744	0.00904188127972433	0.0170419826732322	0.0314999671623299	0.0820811171106537	0.268731010321014	0.58808349755369
1.84349773461781e-07	0.00330539143816973	0.00836468662105485	0.0164156099276777	0.0314218658372402	0.0854562592370758	0.28047970023252	0.574556302356488
1.81974547583979e-07	0.00342348716369739	0.00864870432302375	0.0168459297934916	0.0317632933316883	0.0855491464119896	0.276023907088163	0.577745349913398
1.75503039975907e-07	0.00355095300783253	0.00880709355207096	0.0174055139896106	0.0325168522406561	0.0866065381551507	0.275432189398669	0.575680684152971
1.86723266223124e-07	0.00337128857165851	0.00855827418407067	0.0172676074905159	0.0327482733232764	0.0877509724080897	0.280021039977638	0.570282357321485
1.74036836636843e-07	0.00330739604344656	0.00852937132673502	0.017245658216018	0.0328442318101049	0.0897386140750551	0.287526257807728	0.560808296684076
1.75022411619808e-07	0.00319608425858931	0.00837902293388668	0.0169005141108319	0.0323567432809771	0.0897031864930304	0.288115243156886	0.561349030743387
1.8070063055485e-07	0.00328549886474829	0.00841324065800328	0.0172473330845688	0.0335087635288303	0.0911990661391413	0.291234664163361	0.555111252860717
1.79645258101732e-07	0.00321259615063327	0.00825595712658128	0.0170713295868914	0.033514439706201	0.092054901028038	0.302683037858801	0.543207558897596
1.78312080019329e-07	0.0031623647391428	0.00834803665026493	0.0175749735429451	0.0341840305484256	0.0934562141314107	0.305367461076702	0.537906740999029
1.72751641702039e-07	0.00325101314519067	0.00836774402076336	0.0176303415455433	0.0347655768859685	0.0970340788891102	0.312732124221559	0.526218948540223
1.6641801042276e-07	0.00324531762125424	0.00841642445912066	0.0169143937433485	0.0352524935658637	0.0996912113816606	0.312960052188688	0.523519940622054
1.75749240982966e-07	0.0032272833121702	0.00832401130067619	0.016641871377918	0.0354964256998115	0.0999663440203518	0.312695158547784	0.523648729992047
1.64371735885522e-07	0.00315955350719151	0.00832312721829931	0.0167077294658198	0.0355603457132098	0.10041650154156	0.316947169773484	0.518885408408699
1.71249151246394e-07	0.00319020043856908	0.0083915509093758	0.0169581184513254	0.0367106805526895	0.104063142987048	0.321341839849506	0.509344295562335
1.73468902750211e-07	0.0031680625709271	0.00835027257168689	0.0162122301821319	0.0370396005219332	0.106340947577351	0.329517884817342	0.499370828289725
1.68487227320271e-07	0.00326022784864725	0.00857650533228377	0.0164911928356535	0.0379820756548088	0.108517736987394	0.334658597701025	0.490513495152959
1.7197845041225e-07	0.00314376607353592	0.00844740950579929	0.0163326214572009	0.03786243168586	0.110844926687306	0.336636982039603	0.486731690572245
1.579233209632e-07	0.00321310788831726	0.00843326326275582	0.0162561528899889	0.037536478313101	0.110100665062482	0.34551806508557	0.478942109574465
1.55593734800437e-07	0.00324475174552831	0.00862393834504902	0.0168895443188526	0.0381842584573753	0.111626212814264	0.343495886257246	0.47793525246795
1.45077954737419e-07	0.00312352836549663	0.00868102957762294	0.0173916550580123	0.0393857631521145	0.11464001952169	0.346718177078089	0.47005968216902
1.50635712835308e-07	0.00293754703600133	0.00807452611511099	0.0160155889886499	0.0379062720493025	0.115626316179541	0.355223564486847	0.464216034508834
1.50607581103688e-07	0.00296214990514735	0.00819561274091942	0.0162344429899099	0.0384184878637399	0.117852239504609	0.360607563030779	0.455729353357314
1.49934613515046e-07	0.00290633254837565	0.00816723826739159	0.0162858977200043	0.0388632017577135	0.120262253631191	0.362371569758428	0.451143356382282
1.47707236576329e-07	0.00298294764265897	0.00824162067924945	0.0161302210630815	0.0386214542693226	0.121679301297505	0.364498624771774	0.447845682569172
1.45364768173721e-07	0.00288519991871202	0.00820729481108831	0.0162094799342835	0.0390558790890746	0.12360962233361	0.367677213462057	0.442355165086406
1.40937930653464e-07	0.0029068448197277	0.00830053942583578	0.0166567493342797	0.039668812775516	0.125754264570375	0.369750238255572	0.436962409880764
1.37918231866201e-07	0.00288911112113317	0.0083927381637539	0.0164387498925962	0.0393580016641214	0.127127647323221	0.36713419568087	0.438659418236073
1.34547689015621e-07	0.00287716778191004	0.00837963007189287	0.0165743916190783	0.0396684260570975	0.129734649084154	0.372306506632057	0.430459094206121
1.47748614007189e-07	0.00309016226196036	0.00888826112144448	0.0172466957130592	0.0404825292435138	0.133403110078775	0.379877643462796	0.417011450369837
1.38590073291974e-07	0.00333835768545708	0.00916842629863056	0.0173693552956099	0.0406883824376442	0.132964425036907	0.377640903141615	0.418830011514063
1.31330249348865e-07	0.00307483512800497	0.00892980030447605	0.0173332289695619	0.041039126958528	0.137556091149497	0.379847530833716	0.412219255325967
1.35822470252163e-07	0.00304649800775601	0.00890492861714253	0.0174444947893067	0.0413387912234779	0.138618783269714	0.379640782163576	0.411005586106557
1.37547514069391e-07	0.00314557409925291	0.00946959615362132	0.0192489493089269	0.0444334864924903	0.143426569915745	0.379606517826502	0.400669168655948
1.30439319628509e-07	0.00300206094125013	0.00905001043514557	0.0177256600229573	0.0416517531044558	0.143397422519044	0.382490738808306	0.402682223729521
1.27682024771334e-07	0.0025192940307632	0.00782639739038371	0.0155911243628029	0.0379207952649376	0.131864377174744	0.39486279034254	0.409415093751804
1.39152273219366e-07	0.0025637414817936	0.00814666983562777	0.0161359584502444	0.0387443065847412	0.134553012284919	0.395866648706747	0.403989523503654
1.37264139029905e-07	0.00261350920712939	0.00819768891114398	0.0164106141417203	0.0391642041480125	0.136770399921814	0.395697235939485	0.401146210466555
1.29083891621165e-07	0.00257638539286682	0.00808594405504137	0.0160359627722057	0.038364119841485	0.133109372781371	0.399066852547471	0.402761233525668
1.27628965240507e-07	0.00263655916393838	0.00873747896036508	0.0174020817815778	0.0398349144860407	0.136399500102869	0.396198852054035	0.398790485822209
1.3080742452477e-07	0.00267710475032394	0.00861720070541828	0.0165294802000726	0.0392027235152245	0.13691246864219	0.397118914151872	0.398941977227474
1.26536549133193e-07	0.00267447650247917	0.0086836972208145	0.0167638151022637	0.0393748841399722	0.136980116679352	0.397154699156191	0.398368184662378
1.3021542057888e-07	0.0023164021166777	0.00780003390809552	0.0147479381039228	0.0367368953153961	0.133001119071324	0.402251450664893	0.40314603060427
1.20993716554312e-07	0.0022925889412711	0.00775787511802937	0.015402742104797	0.0368226227275565	0.133002342922327	0.402083535997809	0.402638171194494
1.34802609886369e-07	0.00220456188208169	0.00766999889731465	0.0150004300203255	0.0364393022940439	0.131253391970671	0.403517458420809	0.403914721712144
1.32974037484051e-07	0.00230124869269899	0.00784799471827123	0.0151949432633026	0.0367251685944578	0.131519700436088	0.403077551123531	0.403333260197613
1.32042067546384e-07	0.00225937181778617	0.00791460152873024	0.0150071091449167	0.0364671141308252	0.131825518555608	0.403183983191573	0.403342169588494
1.29506703785015e-07	0.00225251009893276	0.00783994732703344	0.0150287349474358	0.0366606282007582	0.133239086988099	0.402437419770597	0.40254154316044
1.34227070861961e-07	0.00228065216101557	0.00814785165546273	0.0152977250390668	0.0369869405113676	0.13417405116897	0.401521624920705	0.401591020316341
1.31504699123166e-07	0.00226411640480355	0.00803204401304474	0.0152683530916952	0.0372935491290378	0.134020384017392	0.401539078396658	0.401582343442669
1.29518227164868e-07	0.00235606607035611	0.00841557632826447	0.0163334141095343	0.038540091266314	0.13733270940086	0.39849922049455	0.398522792811894
1.31538949143228e-07	0.00237006878566268	0.00841257349245512	0.0154818712362596	0.0375179336914788	0.135685846053917	0.400257763724741	0.400273811476537
1.35655042250441e-07	0.00235198712253815	0.00851059038566593	0.0157437172384595	0.0376856490123838	0.136129699243275	0.399783684469627	0.399794536873007
1.37946446430567e-07	0.00234840030403397	0.00858385557558844	0.0158027310637464	0.0378432624886367	0.137312444562772	0.399051066395004	0.399058101663772
1.25845667152557e-07	0.00221274436554341	0.00832909548049197	0.0159508124659194	0.0375158518348487	0.13767327217989	0.399157161228812	0.399160936598827
1.39303044579482e-07	0.00237177363701026	0.00872984319770696	0.0160340590371875	0.0378856918221033	0.136924305790242	0.399025770227429	0.399028416985276
1.31242999826497e-07	0.00222168150106294	0.00844312466483819	0.0155353651324622	0.0374726325534612	0.137020710407859	0.399652652276659	0.399653702220658
1.35473342503975e-07	0.00231320732325538	0.00882893320432659	0.0158608125203379	0.037519613153161	0.138243907831524	0.398616492037012	0.39861689845704
1.82088467317669e-07	0.00336226354902076	0.0162082407413477	0.0313463475602695	0.0807642471479483	0.328127606141188	0.540191112771758	0
1.9572558802817e-07	0.00353930580831341	0.0149548050044684	0.0277533012056305	0.069909852708666	0.293697401194787	0.590145138352546	0
2.10090654117252e-07	0.0039675620030043	0.0155341029654296	0.0296477830183724	0.0685794720421862	0.255620240133618	0.626650629746736	0
2.23412364712643e-07	0.00381789390057435	0.0149916399093125	0.0272940651845788	0.0643559423667591	0.237430150124173	0.652110085102238	0
2.19770318040616e-07	0.00393784455865175	0.01520480945364	0.027698971804567	0.063708777956158	0.232586224137154	0.656863152319511	0
2.30499829660626e-07	0.00361423732907861	0.0146162246986099	0.0263816275039773	0.0618387248011824	0.227578244319677	0.665970710847645	0
2.10546262277479e-07	0.00342958806623785	0.0140436462401701	0.0257607562821741	0.0620928298470381	0.226891810803129	0.667781158214989	0
2.20518690833457e-07	0.00340304443694191	0.0141050370217804	0.0252310870490917	0.0604655634704614	0.223672990187139	0.673122057315895	0
2.23000543675325e-07	0.00348616749927636	0.0142176226625641	0.0254494910458592	0.0609616586245237	0.225351192406207	0.670533644761026	0
2.27196255078688e-07	0.00330411513760936	0.0140057403405808	0.0247328115241211	0.0602026908670059	0.224691643562701	0.673062771371727	0
2.14142483555999e-07	0.00335539857483894	0.0142599621224775	0.0255486972856155	0.0610505230644303	0.227781432476164	0.66800377233399	0
2.22673854281784e-07	0.00348350977638424	0.0145014120862469	0.0267622798507105	0.0622155202340391	0.228562464358266	0.664474591020499	0
2.11584281742244e-07	0.00349452599725491	0.0145172207388989	0.0263251047500883	0.062030798631219	0.230066380336711	0.663565757961546	0
2.17077014583234e-07	0.00364146691963375	0.0144275896202455	0.0258111082649903	0.0620115224479341	0.227103584809819	0.667004510860363	0
2.16309006934002e-07	0.00359462307722924	0.015256706877069	0.0270987597706778	0.0625877133023117	0.227278469293639	0.664183511370067	0
2.26307679321113e-07	0.00337221072956391	0.0149041711447299	0.0262009978810812	0.0620524341314526	0.227440122948436	0.666029836857057	0
2.27178138556855e-07	0.00339335985562375	0.0149069750958237	0.0264919242715306	0.062546912285612	0.228291311435784	0.664369289877487	0
2.26948139853614e-07	0.00342510132667074	0.0148156284659236	0.0262338432782386	0.0624736030944833	0.23019485994236	0.662856736944184	0
2.25506549724983e-07	0.00355263018436739	0.0150541407399907	0.0265312965882438	0.0627002920986339	0.229324826624927	0.662836588257288	0
2.12833430172544e-07	0.00351941360133319	0.0148370440841884	0.0278505313386584	0.0641130911714565	0.230894475056986	0.658785231913947	0
2.23848857251584e-07	0.00323886911557316	0.0141447854408703	0.0256759116244712	0.0614709108410002	0.230530074093972	0.664939225035256	0
2.10875169912668e-07	0.00327489138874374	0.0140649520828351	0.0273595771699793	0.0634995746647823	0.23207107674127	0.65972971707722	0
2.18727060999478e-07	0.00316607420796744	0.0140586818457414	0.0254274582953113	0.0613658455069525	0.230568506627867	0.665413214789099	0
2.26802524402818e-07	0.00333331670114821	0.0144627433761189	0.0265281840693	0.0633541099565855	0.231924859416455	0.660396559677868	0
2.25491752413664e-07	0.00323039484507815	0.0143525500411297	0.0268901169670818	0.063530271816778	0.235342585109607	0.656653855728573	0
2.18884812524064e-07	0.00324978281154477	0.0143135345453861	0.0265491955654813	0.0626404556481365	0.232486314774309	0.66076049777033	0
2.23097806747772e-07	0.00316040353038893	0.014062747150539	0.0262744517984918	0.0623698921478273	0.234196030242246	0.6599362520327	0
2.0604583819344e-07	0.00297859863692436	0.013485081972246	0.0263145260873606	0.062418908084806	0.234779342421191	0.660023336751634	0
2.16304889528767e-07	0.00296467481588128	0.013433182554405	0.0250193376571239	0.0609759157483803	0.230400613959798	0.667206058959522	0
2.18141807008198e-07	0.00290913913826133	0.0134822543821417	0.0245389900121592	0.0605781979479837	0.234261395837069	0.664229804540578	0
2.07613821682565e-07	0.0028185652431625	0.0133821641041931	0.0250095761875251	0.0618292646214629	0.234450399500896	0.662509822728938	0
2.19165544721716e-07	0.00283424882434123	0.0134118355092454	0.0243094038894433	0.0604351181225578	0.230854958214993	0.668154216273875	0
2.28068739005661e-07	0.0028519995812658	0.0131778117397471	0.0249016852683331	0.060710529910873	0.235069765086918	0.663287980344124	0
2.22437888112408e-07	0.00287567701751721	0.0132664180849121	0.0242419483601545	0.0602101548679308	0.235626897812257	0.663778681419341	0
2.18515805685257e-07	0.00264447828040298	0.0129520873503822	0.0233822837873509	0.0590705036876727	0.235674759326692	0.666275669051694	0
2.24282682304253e-07	0.00288831238271417	0.0132539851107699	0.0243088785215465	0.0601665209203036	0.235277692238855	0.664104386543129	0
2.09765287327051e-07	0.0026310859989432	0.0131696940342543	0.0237005407539342	0.0597321339233891	0.235562222362532	0.66520411316166	0
2.18356916608183e-07	0.00260630815663528	0.0128286872076474	0.0238087647592899	0.0603337629141739	0.236630115174539	0.663792143430798	0
2.17719350612847e-07	0.00260675378488762	0.0128865906434238	0.0242663456612561	0.0608601786735623	0.238093309723847	0.661286603793673	0
2.21118350280212e-07	0.0023577849690379	0.0121867167573436	0.0235510943699951	0.0594277678213098	0.238913512874063	0.6635629020899	0
2.25175220097519e-07	0.00227742217606631	0.012002289581638	0.0238282669659395	0.0594372510969411	0.239869929785863	0.662584615218332	0
2.20351147181125e-07	0.00213850788339282	0.0115212800815123	0.0226893372740932	0.0577806981649817	0.239097080325265	0.666772875919608	0
2.11278824241794e-07	0.0020069375514728	0.0112799651474452	0.0233160972068517	0.0590678547297511	0.241356900218505	0.66297203386715	0
2.163458834138e-07	0.00167062291172136	0.0108034480341515	0.02157184803519	0.0570255296796264	0.240840347988027	0.668087987005401	0
2.24532260009255e-07	0.00141006259285812	0.010601066124077	0.0224179744361041	0.058878420945447	0.242865768103531	0.663826483265723	0
2.20181627824793e-07	0.000919038114540685	0.00931368285698873	0.0202837921001034	0.0553111661809827	0.241976526436658	0.672195574129099	0
2.17486762124506e-07	0.000403220456978835	0.00843609401604748	0.0188110825164349	0.0539769520578706	0.243547113396075	0.674825320069831	0
2.15811284254107e-07	6.04271595911498e-06	0.00798372264969642	0.0196183247951196	0.0552263234519101	0.24580106774791	0.671364302828121	0
1.822837677034e-07	0.0136382892158006	0.0290711621246413	0.0774294051424438	0.31275957208521	0.567101389148137	0	0
5.71597110919563e-07	0.000563023154255769	0.0191765114742404	0.023677838722732	0.110735508298447	0.845846546753214	0	0
1.83018148628672e-07	0.000318817614911147	0.0135669523396949	0.0168724431220773	0.0779994066551621	0.891242197250006	0	0
1.95315361064859e-07	0.00072833098141086	0.0958793341699341	0.109004526433493	0.18784845481135	0.606539158288452	0	0
2.08592074418977e-07	0.000635997234903461	0.0731392648297492	0.0747562705906451	0.117285482867707	0.188361980673527	0.545820795211393	0
2.55640058797214e-07	0.000209880488272512	0.0186484310091391	0.0201196395475171	0.0494042308429731	0.143514283888285	0.768103278583754	0
2.91189225532753e-07	0.0011210785183011	0.0142021720969089	0.016807733286976	0.0375080841408739	0.113289497707322	0.817071143060393	0
1.92891932294932e-07	0.000889038915947341	0.0131866711674784	0.0151641992573661	0.033354487148575	0.0999511983411294	0.837454212277571	0
2.60643100360105e-07	0.00105325876855518	0.0136290277178299	0.0157735991475928	0.0338596238815805	0.0967713096585992	0.838912920182742	0
2.35994215309794e-07	0.000912353636387665	0.0123465093623625	0.0143590680305244	0.0308432639699136	0.0880189984783093	0.853519570528287	0
2.93818384392602e-07	0.000978709038411759	0.0127766924453123	0.0149700466848031	0.0322183611221864	0.0888077819562017	0.8502481149347	0
3.23283630630348e-07	0.00100314910584597	0.0127538625119979	0.014947988513086	0.0321101466123593	0.0880983454667068	0.851086184506373	0
2.72589119605291e-07	0.000901997396773908	0.0121858240028349	0.014314199848713	0.0311610252076788	0.0875733435099938	0.853863337444886	0
2.47563173789596e-07	0.0012110790461787	0.0129901348550877	0.0155177548594794	0.0332833833369684	0.0933194334863356	0.843677966852776	0
2.01098399457839e-07	0.000989404125332567	0.010176182307765	0.0122897264860669	0.0261341446983423	0.0704401440668934	0.234190347679023	0.645779849538178
2.01714126302493e-07	0.000810285645357116	0.00993906014530275	0.0120038059421351	0.0257469927953765	0.0694114445736984	0.236743196333805	0.645345012850198
2.06228343446084e-07	0.000811096074773448	0.00976924285738444	0.0118100785441269	0.025300299402309	0.068750342854621	0.234629698448792	0.64892903558965
2.04694881809175e-07	0.00102060868070055	0.0101240041594	0.0123754431644191	0.0259549016236398	0.069993777275593	0.236216460743616	0.64431459965775
2.02660773831792e-07	0.000914405411529047	0.0098906564060868	0.0121961253691973	0.0257275825771722	0.0698899997851796	0.23819693520165	0.643184092588412
2.07899386676019e-07	0.000975048123510531	0.0099282352107133	0.0124506784692534	0.0261102918720279	0.070718223774168	0.228884334968323	0.650932979682617
2.07546214315542e-07	0.00100327840000133	0.0100342368235135	0.0127084697949692	0.0263299353867126	0.0711011821002182	0.230836427847389	0.647986262100982
2.15082626141659e-07	0.0012324234477917	0.0104072030311164	0.0134020135175129	0.0271625697728039	0.0726282408650107	0.232280632927946	0.642886701355193
2.04008647518551e-07	0.00115448493630748	0.00982403642125582	0.0128827380735015	0.0262912064316582	0.0712577724744596	0.231698333228949	0.646891224425221
2.04760811729191e-07	0.00121853159060041	0.00974722892074467	0.0129826545068776	0.0262634407556329	0.0712657719574745	0.236468023425456	0.642054144082402
2.14894418074512e-07	0.00142281594207134	0.00978908542654823	0.0135041801262204	0.0266512057296009	0.0722184926102108	0.236652263010138	0.639761742260792
2.06876534635994e-07	0.00156936539174865	0.00982229098798234	0.0137123973452776	0.0268550567141676	0.0728060588344452	0.238073516059101	0.637161107790743
2.01526888624351e-07	0.00168375715445645	0.00974987087164611	0.0139472729079141	0.0266416531492506	0.0720083786819214	0.234803008474004	0.641165857233919
2.06395111242837e-07	0.00181256186693459	0.00998456990148349	0.0145180385199324	0.0274181457628322	0.0738531242853569	0.238246004809832	0.634167348458518
2.03803669403546e-07	0.00199564553079952	0.0099022088853101	0.0146922065273016	0.0274623406484584	0.0743402416663151	0.239182559786316	0.63242459315183
2.04137916392867e-07	0.00214487708753985	0.00977146964397735	0.0151478499480163	0.0271958656356069	0.0737836085010377	0.242885334303397	0.629070790742509
1.95553083764577e-07	0.0022738912580145	0.00955804807516122	0.0149054471507036	0.0272816107159961	0.0738443643850119	0.237518384434287	0.634618058427741
2.07751154005723e-07	0.00264134817202876	0.00980772422945616	0.0156023194169838	0.0282568577097804	0.0763961241113704	0.243077575735164	0.624217842874063
2.11838869424427e-07	0.00278356274423698	0.00974374063804596	0.0157972481707184	0.028555455920674	0.0773552933978933	0.243487596516437	0.622276890773125
2.01708104571129e-07	0.00300000463928641	0.00981773857379057	0.015999486854582	0.0287736611170716	0.0764776278481436	0.24320914367043	0.622722135588591
1.8936894125908e-07	0.00290851756879821	0.00957676609735419	0.0157636387772296	0.0287844578092627	0.0773589168248055	0.245628370648799	0.61997914290481
2.06339108833769e-07	0.00327274460521241	0.00976025252605496	0.0162442526820473	0.0292116339767056	0.0780861469906163	0.246798700311221	0.616626062569033
1.83773160701727e-07	0.0031932424403532	0.0094720362488884	0.0161003666090783	0.0292893988063198	0.0780901778575027	0.247905950777094	0.615948643487603
1.94878134907117e-07	0.00327609632592355	0.00944340466132908	0.016359045034778	0.0294698613169241	0.0784743068769376	0.245145585659464	0.617831505246509
1.78127477641884e-07	0.00318634432005803	0.00934207369240627	0.016354596232212	0.0295704081808963	0.0795720380473167	0.251617887347552	0.610356474052081
1.84612748913369e-07	0.00342678184532996	0.00983376729636845	0.0176681785220051	0.031613825574921	0.0829036779290289	0.255438876195737	0.599114708023861
1.88100286796507e-07	0.00318134015058933	0.00931999301019334	0.0171491031472376	0.0313636537201628	0.0815544532460749	0.259064505795652	0.598366762829803
1.82489744076383e-07	0.00329138502416164	0.00937687051987678	0.0171783070791422	0.0312442515730616	0.0821734893498985	0.26234780355344	0.594387710410675
1.80322976483179e-07	0.00325591166338028	0.00965341022305051	0.0178088774804552	0.0322559937103346	0.0852024260653256	0.265905162736978	0.585918037797499
1.73908295025684e-07	0.00327417147044855	0.00975903788366126	0.0185165378962696	0.0330070987626947	0.0864830299416172	0.269860283814859	0.579099666322154
1.72010783700052e-07	0.00304046261268211	0.00918348373096206	0.0177855710130179	0.0325193267016296	0.0854176310021228	0.269965936704504	0.582087416224298
1.8055384530941e-07	0.00311473438543263	0.00933282826404339	0.0183926591139789	0.0330310621224393	0.0872212293766884	0.270246315166848	0.578660991016724
1.83630818319525e-07	0.00302329779281265	0.00897881249255147	0.0182510670327776	0.0332199168189119	0.0885133597847406	0.281056332609767	0.566957029837621
1.75891161363607e-07	0.00305751605798358	0.00895286011340759	0.0183202956941492	0.0342961380984829	0.0903172971016303	0.288655160804976	0.556400556238209
1.77754077234147e-07	0.00304670488379327	0.00899915566813314	0.019200639914678	0.0349242323245789	0.0921644225214416	0.287421765986757	0.55424290094654
1.71048179825004e-07	0.00315943092954765	0.00925627225123009	0.0189326388321104	0.035591534209807	0.0952774281743036	0.284472793589662	0.55330973096516
1.75773027804656e-07	0.00306987593060832	0.00920540923915766	0.0193197408050932	0.0365894407869007	0.0952573800502887	0.293978279726954	0.542579697687969
1.70099096331541e-07	0.0031570392279134	0.00947605055753381	0.0204110410643032	0.0374253732739619	0.100022691219451	0.292425861458368	0.537081773099372
1.73609362961276e-07	0.00301993486871139	0.00892907675582433	0.0193376525028047	0.0366039716961183	0.097675752570547	0.293393052639401	0.541040385357231
1.54975592119119e-07	0.00285589021157113	0.00890443259638823	0.0197353667784092	0.0373796478923552	0.103419241986483	0.308862945630378	0.518842319928823
1.63798875946594e-07	0.00315476635073139	0.00938993436251443	0.0209836188020143	0.0390792996222143	0.105357074997609	0.305984817809786	0.516050324256255
1.69586867735641e-07	0.00308071503928565	0.00928182844490708	0.0196195047283363	0.0405117588990285	0.106570253140622	0.308556352783421	0.512379417377532
1.56264796322902e-07	0.00306810301100385	0.00937135610028074	0.0198028125788161	0.0412093707622941	0.110594534419978	0.316862815447838	0.499090851414993
1.50653799827803e-07	0.00307680255388321	0.00935529966170689	0.0194738114733414	0.0411783537607331	0.112480989373634	0.325440681196221	0.48899391132668
1.63056646857458e-07	0.00293241073708453	0.00898425818519909	0.0187063476974282	0.0401094892772318	0.108731063823959	0.323144032175642	0.497392235046809
1.50928907051338e-07	0.00300363617922868	0.00924016954749702	0.0186403237364685	0.0406605494174446	0.109732710942768	0.322997973326636	0.49572448592105
1.59534745630622e-07	0.00301361134496246	0.00935671283123601	0.0190902467316516	0.0425281343512288	0.115541125106031	0.330883358244684	0.479586651855461
1.5460005506854e-07	0.00293647344597184	0.00907842443373478	0.0186177116316289	0.0413032599122212	0.114047687623786	0.335778024004132	0.47823826434847
1.62653066701583e-07	0.00322053072069134	0.00961133236446323	0.0193976794286974	0.043282631661558	0.116438450859662	0.335159818837014	0.472889393474847
1.50438920594727e-07	0.00294108089762692	0.00929080685808916	0.0184534397558316	0.0420839340860896	0.117877770182284	0.348381939145651	0.460970878635507
1.5205284262029e-07	0.00296670301236448	0.00931749409008614	0.0186752821834667	0.0426640509522994	0.119896859515794	0.347995130051557	0.45848432814159
1.44962684430587e-07	0.00299550891107366	0.0095497067622338	0.0196250482182129	0.0442027465499968	0.123442539038813	0.348732960904869	0.451451344652116
1.52624779915067e-07	0.00291208080077949	0.00948349332480262	0.0192455268729502	0.0435778850356898	0.122542741043367	0.352115440499535	0.450122679798096
1.43905887851839e-07	0.00282271399021382	0.00914881682018067	0.0184578008935404	0.0430185065849895	0.123606955029122	0.35474096508469	0.448204097691375
1.4453204210334e-07	0.00283239442909916	0.00914801107288881	0.0181899356268738	0.0429627276433863	0.125413921702079	0.364258324431364	0.437194540562267
1.44198581057123e-07	0.00290473621681468	0.00940333366931603	0.0189626902033359	0.044239547874001	0.128574376402421	0.365073171406979	0.430842000028551
1.44179287520749e-07	0.00292741625382129	0.00966779794541632	0.0189542416753403	0.0443309497132923	0.129445894487579	0.365714078919993	0.42895947682527
1.44625123003667e-07	0.00287370119408287	0.00950577545966203	0.0184611077011721	0.0440021936738657	0.131768961944502	0.372472459037826	0.420915656363766
1.42535602899231e-07	0.00283332271443092	0.00951396642231788	0.0184402585538822	0.0441422784686716	0.132525184972015	0.371331187032225	0.421213659300854
1.31250424102933e-07	0.00283002164450744	0.00941511792259979	0.0186605290468345	0.0444206560342448	0.134740766631102	0.369469681348908	0.420463096121379
1.33630706198193e-07	0.00286156794252811	0.00955566453882039	0.0185931091990042	0.0443906506612715	0.136021359532079	0.37415087708514	0.414426637410451
1.38674771190094e-07	0.00307788654656415	0.0101691596461408	0.0194948993339035	0.0457316113439846	0.139134200707047	0.37486522545675	0.407526878290839
1.28322559798954e-07	0.00320049296394572	0.0107239163223986	0.0216186299718897	0.0485484023712982	0.143506711654845	0.372975037925733	0.39942668046733
1.30362748688127e-07	0.00299469306286365	0.0101147153079631	0.0192354146571792	0.0465675292726293	0.142477358923715	0.371774092306994	0.406836066105907
1.30592237101176e-07	0.00300780040491429	0.0102842692639547	0.0194634670175593	0.0477134409317599	0.148142136068492	0.378545758801623	0.39284299691946
1.37377526218157e-07	0.00255948069097049	0.0092198179170792	0.0173974899202675	0.0426462428414288	0.138966572063923	0.387712349593933	0.401497909594872
1.2521722057339e-07	0.00244486623169543	0.00895015127492418	0.0172748425330843	0.0426640113937653	0.138164931615119	0.391613601695541	0.39888747003865
1.27328958055677e-07	0.00245706690360039	0.00914361980693619	0.0174151635801491	0.0427882597098199	0.139434376755946	0.39156048386532	0.39720090204927
1.26401220732429e-07	0.00258199773590133	0.00978080005905465	0.0185148716092241	0.0434714022294142	0.140703266055862	0.390412796050619	0.394534739858704
1.2950643543379e-07	0.00261693654081059	0.00964913598486536	0.0180555282153081	0.0433996786168298	0.139330405106491	0.391931800875049	0.395016385154211
1.21065038196625e-07	0.00255326165556682	0.00966123217816706	0.0189084219257017	0.0450583491111344	0.14439051804093	0.388681726431028	0.390746369592433
1.31001472194545e-07	0.00262893754400012	0.00999855636377642	0.0185149620711438	0.0443793687353458	0.14323792670782	0.389861560264214	0.391378557312227
1.27789272422832e-07	0.00210980088770096	0.00846386688038145	0.0163047610577016	0.0403955946948539	0.139337716760956	0.396199777058835	0.397188354870298
1.27531744245289e-07	0.00209585668492709	0.00839630744587712	0.0155882050991017	0.0390161691121941	0.136155823386389	0.399037390394437	0.39971012034533
1.21347986830831e-07	0.00197408904976396	0.00822071936785465	0.0154642233977606	0.0388024749650002	0.135262839132736	0.399915638879555	0.400359893859343
1.2211890962468e-07	0.00201532836553609	0.00849471347240235	0.0157032705886376	0.0387728759247454	0.134775435537091	0.399977652239539	0.400260601753139
1.25455371635193e-07	0.00202346968910403	0.00850662692909589	0.0158665917614461	0.0395775315451259	0.135959875357579	0.398937418093324	0.399128361168953
1.33072033089159e-07	0.00207445992382691	0.00873990498922982	0.0158539358781763	0.0402814367042209	0.138857206655678	0.397034782501081	0.397158140275755
1.15390096414195e-07	0.00203051952660059	0.00847159470844096	0.0154252326985532	0.0398617395864765	0.137833585556852	0.398154796968241	0.398222415564739
1.26385085751017e-07	0.00208105682197624	0.00885479187788774	0.015849953604035	0.0400667262698731	0.138898725861397	0.397100675578837	0.397147943600908
1.29353321353491e-07	0.00210056858545934	0.00909987680389674	0.0158895032884201	0.0402207336816904	0.141184493537767	0.39573773044941	0.395766964300036
1.23042667998152e-07	0.00211251956686028	0.00916557138185037	0.0159791821649161	0.0409071345306697	0.141314135067874	0.395251438922481	0.395269895322681
1.18908821310363e-07	0.00203916737665142	0.00914658544401446	0.0157876431141982	0.0401737020061702	0.140037848677823	0.396401819067148	0.396413115405173
1.24018071417295e-07	0.00203538458810064	0.00926179359151498	0.0156896502330734	0.0401656087718478	0.138829797722805	0.397005286022258	0.397012355052329
1.26442215717754e-07	0.00203723697964445	0.0093576090586238	0.0158553480821434	0.0404221855005929	0.14266184382338	0.394830485875709	0.394835164237691
1.14658347362738e-07	0.00206683136956071	0.00937779157245095	0.0160728071333086	0.0406243697373968	0.144512399898963	0.393671753560686	0.393673932069286
1.26466201717892e-07	0.00201043320870932	0.00938948314654486	0.0158493767302948	0.0402271282396373	0.141851953352689	0.395335243563155	0.395336255292769
1.22061670438372e-07	0.00213815428106897	0.00965825173510665	0.0168441443354841	0.0414473828757241	0.144120655519995	0.392895400472135	0.392895888718816
1.70792034396149e-07	0.00278049431996931	0.0161970625819588	0.0274461091354268	0.0830384039552702	0.340509786895947	0.530027972319393	0
1.91155356354683e-07	0.00312940433888251	0.0157554067814657	0.0267080352345199	0.0718984995642614	0.297917916743049	0.584590546182465	0
1.95085560625179e-07	0.00343487146592753	0.01631071355275	0.027274522059885	0.0694728944220356	0.259893374035985	0.623613429377857	0
2.08911626830353e-07	0.0035590184746819	0.0167371638951406	0.0281938775105171	0.0683387535454914	0.244173193588168	0.638997784074374	0
2.04773726056576e-07	0.00330054291657989	0.0162559622430013	0.0269580514878961	0.0657987127514033	0.23838487590405	0.649301649923343	0
1.90955251737263e-07	0.00319697282458526	0.0158573060147658	0.026780137369389	0.0658723055497898	0.239791866413816	0.648501220872402	0
2.16078346551206e-07	0.00325716499591288	0.0164027233650486	0.0268557294578097	0.0661204062013621	0.233732595699479	0.653631164202041	0
2.16184618204993e-07	0.00332902693573869	0.0164585673531825	0.0282605180302295	0.0677559344839543	0.234428005766076	0.649767731246201	0
2.15691421499215e-07	0.00327807822394507	0.0168355782136997	0.0278140558765883	0.0678384031242471	0.237243092643995	0.646990576226103	0
2.17503365864587e-07	0.00319033937050176	0.016120044457688	0.0265471558172363	0.0659533281277528	0.235330811744312	0.652858102979144	0
2.35786884496022e-07	0.00325857474373502	0.0167538370778648	0.0271635922414797	0.0667300461812192	0.235355866071163	0.650737847897653	0
2.27273037190505e-07	0.00325636807686556	0.0164902497594315	0.0270568550775297	0.0665980453609709	0.236181003883187	0.650417250568978	0
2.09352575068076e-07	0.00324329009295464	0.0164997044988403	0.0267039677128085	0.0666065685207838	0.238857889587871	0.648088370234167	0
2.17316235761169e-07	0.00357115770226328	0.0190297308168982	0.0292981402728492	0.0687084396281371	0.237045724857218	0.642346589406399	0
2.20289839747953e-07	0.00335104904224586	0.0177573436922428	0.0278038821237879	0.0674908590730997	0.238674128324119	0.644922517454665	0
2.1814699398896e-07	0.00320065269580601	0.0170484057272312	0.0267463484920044	0.0662569138962907	0.234390873602359	0.652356587439314	0
2.24458628234561e-07	0.00317025366518494	0.0173324708136446	0.0270618545130999	0.0671337800359313	0.237735131636007	0.647566284877504	0
2.09723626205387e-07	0.00331300412316649	0.0183644493286747	0.0306146160589575	0.0710719813429862	0.238052883909584	0.638582855513005	0
2.09793187973228e-07	0.00321109453511823	0.0171902440293383	0.0281204691227435	0.0669978741656263	0.240695724561684	0.643784383792301	0
2.21251469109755e-07	0.0033931125302672	0.0178036632163238	0.0294350741988927	0.070351772135767	0.237283129309979	0.641733027357302	0
2.10922183424258e-07	0.00321930528560446	0.0169543469480087	0.0280855542560405	0.0675003717503483	0.237085181978387	0.647155028859428	0
2.24585359280428e-07	0.00322931288109328	0.0171960517893839	0.0279736785958923	0.0672015541306862	0.238356259755427	0.646042918262159	0
2.22304820813422e-07	0.00307514258631207	0.0165170258816165	0.0262195197860183	0.065783108746183	0.238054005843949	0.6503509748511	0
2.10462601006264e-07	0.00332004753087381	0.0179812932421722	0.027886505095931	0.0694722313539606	0.245924076037612	0.635415636276849	0
2.26944895056142e-07	0.00300270790648781	0.01627036036126	0.0262021498036019	0.065652207856106	0.237111799409762	0.651760547717887	0
2.26366284643379e-07	0.00313970036800367	0.0167737416920744	0.027117322702569	0.0672645151154955	0.240042203730109	0.645662290025464	0
2.0843142637337e-07	0.00299682704839632	0.0164919281803666	0.0271832097647622	0.066096523342965	0.240618240959652	0.646613062272432	0
2.29425889243275e-07	0.00295890569357052	0.016198156058243	0.0263130846632005	0.0657153751595083	0.239122115600364	0.649692133399224	0
2.24975775733348e-07	0.00298655342286019	0.0162589993122491	0.0261516341227958	0.0660180165100723	0.240901585921736	0.647682985734511	0
2.07271240949501e-07	0.00287423029824673	0.0163149411888581	0.0271463144271562	0.0657692374656862	0.24413443115237	0.643760638196442	0
2.2088610670566e-07	0.00295744408268209	0.0162209921320369	0.0260623517302009	0.0658010876431894	0.240300449282341	0.648657454243443	0
2.14844140244239e-07	0.00288836462144355	0.0164033501076477	0.0265057512702123	0.0667209219735497	0.245751618259775	0.641729778923231	0
2.15745029072721e-07	0.00277038191832282	0.0158013816743152	0.0256434541555837	0.0649485307871393	0.239904588918343	0.650931446801267	0
2.12117464712669e-07	0.0027509513998586	0.0157543883391393	0.0253724305416059	0.0649728521462788	0.242372627174496	0.648776538281157	0
2.27794116943577e-07	0.00272464543276212	0.0157449015690231	0.0260785538900515	0.0654151809744531	0.243926496305521	0.646109994034072	0
2.07713913134872e-07	0.00274016194207524	0.015419226913741	0.0249593192301125	0.0643917284996367	0.241458492321024	0.651030863379497	0
2.16052016683537e-07	0.00263885933177272	0.0153749096632505	0.025336636048495	0.0640047617864477	0.241969616604894	0.650675000513124	0
2.197480544606e-07	0.00253940851734669	0.0151608577733457	0.024353578135596	0.0641829130065797	0.24255790251361	0.651205120305467	0
2.18824509745568e-07	0.00259788457969939	0.0152542565743636	0.0248915068080681	0.0647937185111531	0.240796459944611	0.651665954757595	0
2.32223899136801e-07	0.00244415653841483	0.0145996843148315	0.0243686470798193	0.0635362265799295	0.240413507163759	0.654637546099347	0
2.24695015837628e-07	0.00229975348709812	0.0141479216722163	0.0234343419817696	0.0628366352640402	0.239665096572794	0.657616026327066	0
2.2473899936309e-07	0.00225660429260478	0.014145746836911	0.0237504174526913	0.0630977214611811	0.24233246718923	0.654416818028383	0
2.42611097080103e-07	0.00223954303714643	0.0143055633393283	0.0242353929317198	0.0636138427098883	0.244187826600026	0.651417588770794	0
2.41512875292895e-07	0.00192075189720439	0.0137894191277231	0.0243493280870296	0.0638997180578694	0.246760467047259	0.649280074270039	0
2.21244518113952e-07	0.00162548347458321	0.0132682549958118	0.0235169648084045	0.0629095512585937	0.24849852407782	0.650181000140269	0
2.38276555207248e-07	0.0011044118333856	0.0121535339749009	0.0226531903801083	0.062152533213369	0.246557380330366	0.655378711991315	0
2.39452706893125e-07	0.000548107246078363	0.0116994198060912	0.0223076536268704	0.0627105088609474	0.252901089270364	0.649832981736942	0
2.41830950492368e-07	2.41830950492368e-06	0.0103958288997659	0.0208840372226199	0.0602064752655304	0.249246454758266	0.659264543713363	0
1.98317867844939e-07	0.0185784178597139	0.0316993263142029	0.0874327950325341	0.306200408138172	0.556088854337509	0	0
2.45346994253973e-07	0.000397707477685691	0.0175724877694523	0.0211589701314569	0.103809012085793	0.857061577188618	0	0
3.90491531214917e-07	0.000443598379460145	0.0109048665007078	0.0160753648655245	0.0699385952067165	0.90263718455606	0	0
2.51443790243579e-07	0.00061830028020896	0.0456918626754826	0.0622232861088369	0.137280514715496	0.754185784776185	0	0
2.08384170388234e-07	0.000445942124630821	0.0367902252820428	0.041610359527293	0.0780592515382399	0.164960035041882	0.678133978101741	0
2.43582336188443e-07	0.000205583491743046	0.0148482920493751	0.0167073124391653	0.0429006953788534	0.13307585056516	0.792262022493367	0
3.00448810433025e-07	0.00217915522207073	0.0132867477437797	0.0179626325805488	0.0374139890167933	0.10796778227316	0.821189392714837	0
3.22486187916572e-07	0.00252248696188342	0.0140603977931625	0.0183717156394192	0.0363728946489222	0.0964475566511486	0.832224625819276	0
2.88400281132594e-07	0.00231354705524567	0.0132035416708124	0.0172411456066687	0.0347655002894097	0.0919950752767994	0.840480901700783	0
2.96253372474329e-07	0.00233388406835276	0.0127172685202055	0.0168230440093272	0.0333756086895854	0.0872682446898805	0.847481653769276	0
2.96273998934599e-07	0.00227449548982091	0.0124298793513022	0.0167214082258698	0.0336196920291036	0.0868168736338065	0.848137354996098	0
2.56281589909476e-07	0.00196542351301577	0.0115470233149614	0.0154140562251054	0.0316420627797634	0.0840857333677092	0.855345444517855	0
2.69567791177693e-07	0.0022417257514337	0.0121216548658873	0.0164611571682658	0.0332913526426539	0.0857524796193272	0.850131360384641	0
3.07172949121409e-07	0.00282445526717135	0.0136096046837731	0.0186761153065816	0.0370561158902102	0.0921273109004929	0.835706090778822	0
2.23766659707524e-07	0.00205954833594805	0.0107475126657524	0.0147075112425964	0.0291062244947964	0.0706104645373479	0.215974433316528	0.656794081640371
2.16847018331813e-07	0.00192950476911647	0.0105149119189096	0.0142646305599033	0.0283943822744043	0.069803922589084	0.214244420417795	0.660848010623769
2.19561189398093e-07	0.00192950373243044	0.0104214718547805	0.0143992619231057	0.0285102400045317	0.0703889021479452	0.217288072404254	0.657062328371763
2.15839465512415e-07	0.0019958675375933	0.0103153997357693	0.0142922418878356	0.0284662037485703	0.0708663558722256	0.21966629923595	0.654397416142591
2.23986087776116e-07	0.00198698058466193	0.0104319280520848	0.0145673831906953	0.0288438084533693	0.0712067452066417	0.218409506148754	0.654553424377705
2.17972010214168e-07	0.00217906618611104	0.0104657080984231	0.014824712358686	0.028968480157463	0.0712441515385009	0.218876594056557	0.653441069632249
2.1615924365016e-07	0.00200271539241873	0.0105736455623912	0.0148267948404518	0.0290442367730538	0.0717547094074016	0.218447505403441	0.653350176461599
2.23375534928562e-07	0.00209392226442034	0.010393663640226	0.0149188052268088	0.029098460808539	0.0720620644456288	0.221635662887004	0.649797197351838
2.1403417826179e-07	0.00230771651001862	0.0103774471330229	0.0151392795309912	0.029214595161843	0.0723876432932069	0.224545396756226	0.646027707580513
2.17723948676369e-07	0.00243023471512563	0.0103185910996192	0.0153780602189606	0.0293215373400926	0.072751586554414	0.224916677044842	0.644883095302998
2.09602256661736e-07	0.00242740373439957	0.0101042959868923	0.0152288615600151	0.0290095811287543	0.0726118809685553	0.225560534074934	0.645057232944193
2.25686051744395e-07	0.00258049431564541	0.0103021168900282	0.0157612367956733	0.0295599076853774	0.0735330293793588	0.226769796164872	0.641493193082993
2.06213288879247e-07	0.00268036032885246	0.0104385166830675	0.0157437659660639	0.0292558917198766	0.0726262582103821	0.226163599725159	0.64309140115331
2.23639350238232e-07	0.00289657686428558	0.0104602833286928	0.0163706240767888	0.0299171304387692	0.0741462847353843	0.227947091402521	0.638261785514208
2.10348206213602e-07	0.00282182118635547	0.0101259522989166	0.0162380401268652	0.0295232121349039	0.0739874573571599	0.229287958701075	0.638015347846518
2.13264178868932e-07	0.00300467901608438	0.0100402642769705	0.016258194676073	0.0294880380122072	0.0745597161027251	0.234819215955573	0.631829678696188
2.14921621308533e-07	0.00326788325199625	0.0102481076688548	0.0167999932944454	0.0301696225911853	0.0755647226791098	0.236525542682467	0.62742391291032
2.18396068696047e-07	0.00321631890368668	0.0100038503226911	0.0168828896944792	0.0304675619595107	0.0768561973269632	0.239496841665253	0.623076121731348
2.0870430523589e-07	0.00343130748238327	0.00984562559950312	0.0166948834887346	0.0302180876507993	0.076308972532009	0.243141559121338	0.620359355420927
2.1586928510353e-07	0.00363027376758606	0.0100448295744375	0.0170376991960812	0.0306715715046499	0.0779501829815995	0.241922549122675	0.618742677983686
2.06441128357662e-07	0.0036779551428201	0.00981235327196802	0.0171620703237575	0.0310297531211834	0.0787418073838211	0.244815850384682	0.614760003930639
2.18054997395333e-07	0.00392150107315767	0.0101146991091799	0.0176068507646862	0.0316635481167789	0.0799354731651708	0.246357663837258	0.610400045878772
2.05007135273343e-07	0.00383465846528788	0.00996150171006702	0.0177146665589696	0.0319310913616348	0.0807475954200586	0.249298926849149	0.606511354627698
2.03212835572976e-07	0.0039252591319276	0.00997673416245525	0.017785593795018	0.0319499348601256	0.081671238616779	0.253862212349691	0.600828823871168
2.03765338945302e-07	0.00378005080277431	0.00977401201318932	0.0178624771426231	0.0322646112992771	0.0821846741568088	0.253504458181851	0.600629512638138
2.08222801729415e-07	0.00398184463747161	0.0101868841290082	0.0185503611832719	0.0330655726918294	0.0839968699948444	0.262324082965959	0.587894176174814
1.98016821925056e-07	0.00356727304697989	0.00956639068402139	0.0181840827741998	0.0326189150420707	0.0831328082983306	0.268200716187242	0.584729615950334
1.84883346004005e-07	0.00355844976053909	0.00958694102369169	0.0181681166451216	0.0330924549846029	0.0862510390444045	0.269704312367069	0.579638501291225
1.94542385727748e-07	0.00359280877962005	0.00957712710699131	0.0186124536697308	0.0337610801615791	0.0868314648185659	0.276447259170144	0.571177611750983
1.89771613658394e-07	0.0036521547048558	0.010010073077253	0.0193679011183621	0.0349174075983036	0.0901365824257822	0.284687973717391	0.557227717586439
2.05899048931703e-07	0.00352046193863426	0.00977279245849435	0.0192960352696835	0.0348132052943234	0.0903944181591431	0.282473934724648	0.559728946256024
1.87023032821607e-07	0.00368042626289641	0.00946916317479079	0.0194932236879633	0.0354219753933796	0.0907944457899713	0.278840681624145	0.56229989704382
1.93046578085314e-07	0.00344491618593243	0.00902589275837885	0.0195533018011053	0.0357155474115639	0.092445952266917	0.286180548356527	0.553633648172998
1.86233923589339e-07	0.00329261576905951	0.008877212435733	0.0191606772284891	0.0355915376050057	0.0937039711218229	0.29728465352389	0.542089146082076
1.79787950899191e-07	0.00325488106307896	0.0087840797050327	0.0192675151219645	0.0357438223062192	0.0954638061684527	0.30170144125213	0.535784274595171
1.85031677423175e-07	0.00342530641245781	0.00894406122328143	0.0196829297175676	0.0369591524068921	0.0981441322754456	0.302756786961928	0.53008744597075
1.87107051802833e-07	0.00328447718734692	0.00884866669385956	0.0198314764205822	0.0368410042858741	0.0995338414911384	0.305297524536283	0.526362822277864
1.827398885908e-07	0.00326629276867195	0.00894913782406863	0.0201775902785303	0.0375358695558818	0.101743174071256	0.312593391504313	0.515734361257389
1.73620816997061e-07	0.00324584117376006	0.00880587421727395	0.0202204012099288	0.0378380527522546	0.101456713378769	0.311112010081119	0.517320933566078
1.71787715735308e-07	0.0032330448101385	0.0088530799304191	0.0203863918017405	0.0384488393850137	0.103241840341184	0.313717695749525	0.512118936194263
1.75409730819735e-07	0.00323543248497002	0.00886871599024582	0.020419797584187	0.0386662686035175	0.104818540387564	0.320666353501827	0.503324716037957
1.6057851944357e-07	0.00323003691860741	0.00891002030836535	0.0196877293763789	0.0388270831088579	0.105471664876484	0.330636310046932	0.493236994785855
1.6675104269427e-07	0.00331634473710364	0.00917997840240495	0.0204756940345148	0.0403465820371775	0.108729850637756	0.326681967742344	0.491269415657656
1.75514837673347e-07	0.00320419887656463	0.0090823663050827	0.0205333053445672	0.0407111931428459	0.112188733211128	0.333296709237206	0.480983318367768
1.53250481014947e-07	0.00303190751639972	0.0086758162312182	0.0197218044018136	0.0400730085291555	0.11252186692801	0.348060193723933	0.467915249418989
1.53235475115785e-07	0.00306884686014382	0.00859559074114483	0.0179705371087285	0.0397365637005999	0.112974999325764	0.348109625884782	0.469543683143362
1.55695698984163e-07	0.0031539277743222	0.0086929579613828	0.0185734070189178	0.0407240784176957	0.114171033282291	0.341247138118433	0.473437301731258
1.48755356494443e-07	0.00305394746883092	0.00871527882629644	0.0190665690633188	0.0418567822104064	0.117474187598653	0.354812020087328	0.45502106598981
1.46093638717736e-07	0.00320573271438328	0.00903793686563403	0.0196568990894714	0.0422583154672988	0.118670109606752	0.348130914509655	0.459039945653166
1.5499423188966e-07	0.00324697416385649	0.00924773084569658	0.0204803178249721	0.0442206293292795	0.12391432352845	0.351115563234314	0.447774306079199
1.55237849223066e-07	0.00304002280133529	0.00901745618566943	0.0199126693955411	0.0439593227158924	0.12584728818106	0.356932487680324	0.441290597802329
1.52829298232315e-07	0.00304099737622661	0.00885294275870332	0.0197712206537182	0.0435493198484911	0.125968479262898	0.360450192320389	0.438366694950275
1.4860426416964e-07	0.00308844242223762	0.0092626523899578	0.0207091930461526	0.0449036018998758	0.131619539796371	0.357072270117377	0.433344151723765
1.56732835090099e-07	0.00307039623941505	0.00899959939087351	0.019855229014884	0.0441782842268463	0.129703630747471	0.361768222229606	0.432424481418069
1.43940148534718e-07	0.00300892486496975	0.00894199384742229	0.0203678188979597	0.0449037126770392	0.131719629924121	0.363131774902941	0.427926000945399
1.45856323936394e-07	0.00302374745152538	0.00895557828969458	0.0199885882012152	0.0444329412423633	0.133090103327537	0.36994925075065	0.420559644880691
1.48801707291269e-07	0.00311114609604585	0.00915487623938802	0.0202608404647792	0.044987071363662	0.136003272447147	0.369134032096231	0.41734861249104
1.47085450321963e-07	0.00307496842443095	0.00904884398925747	0.0204763538811217	0.0456660610178107	0.139394352124627	0.373836057674558	0.408503215802743
1.50430728304354e-07	0.00306006187516717	0.0091871054390035	0.0207919335433146	0.0458970169285716	0.139319914711794	0.375588221755352	0.406155595316068
1.38255200020019e-07	0.00310756213084997	0.00950891614697689	0.0223052644400298	0.0490825315799071	0.145893246800325	0.369048338303838	0.401054002342873
1.41965417508226e-07	0.00330211561124133	0.00969822553165694	0.0215496405506611	0.0469049480484653	0.141918852851283	0.372199820868036	0.404426254573238
1.32367001277209e-07	0.00337522616556756	0.00996895596719046	0.0231087634499765	0.0504442699847368	0.148285456850806	0.365636705793029	0.399180489421693
1.39381855409445e-07	0.00329470829816845	0.00977206188275617	0.0219792641613707	0.0476366761051413	0.147971122867196	0.376292122067841	0.39305390523567
1.3572655442533e-07	0.0032053183093086	0.00964472895746398	0.0226584624488735	0.0497891148660616	0.154640864143827	0.36971669117662	0.390344684371291
1.39963556289213e-07	0.00329026328124683	0.00994147143966654	0.0228353341356977	0.0494396069151514	0.154216745043925	0.374050364766022	0.386226074454734
1.32274782341846e-07	0.00289761138198047	0.00902272745310198	0.0213353932926103	0.0470624416337523	0.149713360546665	0.381331927693313	0.388636405723794
1.32383122581609e-07	0.00279037145777515	0.00883604389983205	0.0204016954041743	0.0445282547284273	0.142470584139205	0.388614098299499	0.392358819687965
1.32697640861531e-07	0.0028399949097185	0.00900751586168076	0.0207819102329653	0.0450519106536168	0.141473333944627	0.389090449233266	0.391754752466484
1.38355049772537e-07	0.00289687803213739	0.00897440030349564	0.0205953943540901	0.0447574435362665	0.143670235719649	0.38856462308418	0.390540886615131
1.42842532106716e-07	0.00294884123281104	0.00924062624451556	0.0206730283016766	0.0446978566192372	0.143342052441493	0.388840084357086	0.390257367960649
1.38444616269596e-07	0.00291758184326547	0.00952429737626686	0.0213631118473288	0.0460264664572923	0.146457098436199	0.386404461793093	0.387306843801938
1.33797020286839e-07	0.0030693036453801	0.00967820746244853	0.0219895402841421	0.0470148011615722	0.15099528927451	0.383340504853621	0.383912219521306
1.36451523549486e-07	0.00253240382555491	0.00859753759580603	0.0201690361473731	0.0436332401369428	0.144006298602327	0.390348101481727	0.390713245758745
1.44504849076968e-07	0.00257854452692942	0.00873112748607949	0.0200565505276378	0.0429675053390929	0.140429956837847	0.392492366170085	0.392743804607479
1.42007209422008e-07	0.00241596865389662	0.00837757331264194	0.019391368460994	0.0417340727554056	0.137674427455333	0.395129805949988	0.395276641404531
1.48269707342286e-07	0.00257603789536488	0.00874465079963336	0.0197932645816585	0.0422490082980624	0.139117907926291	0.393712860291682	0.3938061219376
1.3521427202867e-07	0.00250024710408213	0.00870279619058127	0.0201505773176166	0.0429013250863445	0.140547798988841	0.39257313976599	0.392623980332273
1.39591811209334e-07	0.0024764983226648	0.00857791679881358	0.019216906690133	0.0418758682610657	0.139781935256201	0.394020501011761	0.394050234067549
1.46783604271403e-07	0.0026187662838061	0.0090825290815016	0.020572749623867	0.0432957322667058	0.141736450038531	0.391335804190672	0.391357821731313
1.35974039836314e-07	0.00251144051577673	0.00887339389163821	0.0199619408662498	0.0427316096810797	0.1414192562356	0.392245672456215	0.392256550379402
1.33494808653881e-07	0.0024215958289814	0.00853365564319935	0.0191021726547098	0.0411884882620685	0.139301165356282	0.394724525452654	0.394728263307296
1.42013683018359e-07	0.00257314592260964	0.00906473338706184	0.0200493497548489	0.0425436070765418	0.141214714037698	0.392275875780631	0.392278432026926
1.40751975876237e-07	0.00254887753114278	0.00911242367020348	0.0201517418901527	0.0427009121854053	0.142051257365551	0.391716267662965	0.391718378942604
1.3546877275452e-07	0.0025083397963227	0.00902140745281453	0.020541671887859	0.0430492666059315	0.142014894791564	0.391431329185731	0.391432954811004
1.39963203673754e-07	0.00257182386750523	0.00912154194662223	0.0205855080699284	0.0433326078573943	0.142730416173588	0.39082863115287	0.390829330968888
1.45726157816183e-07	0.00275699317972436	0.00963818235180451	0.0213478620369661	0.0438959247097062	0.143944801263038	0.389207899640144	0.389208191092459
1.42748715011755e-07	0.00248696811293479	0.00917688664196067	0.0206581657903561	0.0432371582899104	0.142685191833574	0.390877529168202	0.390877957414347
2.31422982894139e-07	0.00418482179967471	0.0152540144944843	0.0338180719133034	0.0709485009807706	0.235617524459095	0.640176834929689	0
1.78045621697921e-07	0.00431315518563215	0.0178083011278478	0.0439010650332999	0.0965981179153422	0.326685406561836	0.510693776130421	0
1.95083657724942e-07	0.00431154391937895	0.0167020873561209	0.0394244563896336	0.0828295948151446	0.294876751997559	0.561855370438505	0
2.22426854928757e-07	0.0045782119549986	0.0165236461989475	0.0372358125030584	0.0773202457371893	0.257394358365252	0.6069475028137	0
2.12957120444927e-07	0.00447997894279993	0.0159104523826814	0.0358485627843377	0.0743844314715699	0.243004305354104	0.626372056107387	0
2.27330851638203e-07	0.00456093887641727	0.0162696143900429	0.0356554800943423	0.0735367565570743	0.237673723395186	0.632303259356085	0
2.3182573196077e-07	0.00424959749257288	0.0159804431812518	0.0359130514409708	0.0732390807182425	0.235775578781918	0.634842016559312	0
2.40320953439738e-07	0.00426978237976382	0.0159246276587308	0.0359010665924556	0.0733925772547753	0.234861582340447	0.635650123452874	0
2.19610419899515e-07	0.00418687265538425	0.0156134224131759	0.0347028385525214	0.0723945749198751	0.235792633300231	0.637309438548393	0
2.41746356338481e-07	0.00429534925942212	0.0162313338572783	0.0364456806815893	0.0743831781281435	0.235090112163057	0.633554104164153	0
2.18332650316026e-07	0.00398784585802221	0.0154337167181895	0.034534548631087	0.0720237930189008	0.234635112649823	0.639384764791327	0
2.13894867250429e-07	0.00403106266820158	0.0154847050197275	0.0349698857416398	0.0723257687274581	0.234701062672479	0.638487301275626	0
2.09971901560133e-07	0.00404363888024505	0.015676292198578	0.0348460968953135	0.0728917456266003	0.237212186265234	0.635329830162128	0
2.29086204909821e-07	0.00414577305025304	0.0159088914999625	0.0354153527618289	0.0731834208480817	0.236882008462903	0.634464324290766	0
2.25031363746322e-07	0.00431115086665204	0.0161097702992355	0.0357995645643112	0.0730575573970622	0.236707791148391	0.634013940692984	0
2.23712045014443e-07	0.00412838207869653	0.0165338861108824	0.0357912426577707	0.0734225168857852	0.238074582016415	0.632049166538405	0
2.11745389720566e-07	0.00402591509475712	0.0163660129168923	0.0360576989247357	0.0735819464186761	0.239304263938087	0.630663950961462	0
2.18151086643285e-07	0.00400612655511729	0.0160635552649783	0.0361081497101099	0.0741292662989948	0.23620941544453	0.633483268575183	0
2.18074826706839e-07	0.00408628610283275	0.0160878161158169	0.0361439398532182	0.0739496098859425	0.237131949663096	0.632600180304267	0
2.16501295760255e-07	0.00421528022845217	0.0164909036980586	0.0369821018378795	0.0754708361929546	0.240668036398198	0.626172625143162	0
2.19138024961574e-07	0.00405295777166431	0.016218843503456	0.0362009443095772	0.074673473385906	0.238906027917308	0.629947533974064	0
2.20189724274023e-07	0.00386388928156056	0.0156094697435098	0.0362718532796599	0.0742699939976281	0.239225566316961	0.630759007190956	0
2.29976889622362e-07	0.00386844126033775	0.0155862237403763	0.0347810148558171	0.072644869917022	0.239781954311411	0.633337265938146	0
2.11273646274675e-07	0.00364130129354403	0.0151328974617162	0.0341367506704769	0.0711409072681937	0.240992665001549	0.634955267030874	0
2.19522823239125e-07	0.00378040253900097	0.0154186245358464	0.0344409357379863	0.0718566252536861	0.239847563351543	0.634655629059114	0
2.13444210485874e-07	0.00354701588985425	0.0152781231423684	0.0351320632691329	0.0725932297630876	0.246117183005999	0.627332171485348	0
2.23103281871587e-07	0.00364461521265424	0.0151603142097381	0.0347224561708025	0.0726236879017114	0.241546560874065	0.632302142527747	0
2.13723118707591e-07	0.00353904112267899	0.0148932955271385	0.0345808280531256	0.0724604724435028	0.241596674126316	0.63292947500412	0
2.26646975577428e-07	0.00342350256609706	0.0147254806502411	0.0343476692078326	0.0722416836425251	0.242520196511994	0.632741240774335	0
2.16060605864187e-07	0.00348073636047206	0.0148025281683613	0.0351936799680057	0.0733817438726833	0.243843623111657	0.629297472458214	0
2.32540185269416e-07	0.00354809814684076	0.0150432571252638	0.0350710131217776	0.0735857138472099	0.243177270964195	0.629574414254527	0
2.28890881765499e-07	0.0033198333491268	0.0144810105257761	0.0336430684745384	0.0716062234515188	0.24277608932604	0.634173545982118	0
2.26283610753269e-07	0.00335895391802152	0.0144611067124091	0.033505361677015	0.0716631143911172	0.242608163000231	0.634403074017595	0
2.1932821084986e-07	0.00322039611990849	0.0142004050114742	0.0324224120970913	0.0706427654479987	0.242254588729995	0.637259213265321	0
2.27717812087261e-07	0.00332012570023227	0.0142628774422735	0.033601129480348	0.0709821469235324	0.243378649177939	0.634454843557863	0
2.2482504676923e-07	0.00311652479831507	0.0140976545576646	0.0326882128499655	0.0706744279270479	0.245562234608084	0.633860720433876	0
2.29951558404706e-07	0.00349940281580282	0.0152593554641779	0.0345302158647259	0.0729348855370128	0.246564868644771	0.627211041721951	0
2.33142785734552e-07	0.00312434647162874	0.0145019475582606	0.0331377498503806	0.0719194202578233	0.248177464558217	0.629138838160904	0
2.15002394051658e-07	0.00288834216168997	0.0137212377859827	0.0317997140898164	0.0704143590638882	0.247436795208715	0.633739336687514	0
2.35535694139e-07	0.00282383743703248	0.013486538310705	0.0324532856169422	0.0713903978221428	0.247752223986908	0.632093481290575	0
2.09414742337148e-07	0.00263464687334366	0.0129097906208582	0.0310867808409803	0.0695832835100759	0.24629267846272	0.63749261027728	0
2.22527331919543e-07	0.00246003965437055	0.0124710992627669	0.0313431972281996	0.0702779143848343	0.24809594488443	0.635351582058066	0
2.20873519429581e-07	0.0023878636185532	0.0123309268427146	0.0311824817260294	0.0702064151388477	0.248654107209356	0.63523798459098	0
2.18675643447614e-07	0.00217297986893894	0.0119385967540225	0.0306156834608832	0.0696637184087498	0.249234908592488	0.636373894239274	0
2.21726736874221e-07	0.0017571843897282	0.0110734766929723	0.0296195878720796	0.0678352996060359	0.249474285906871	0.640239943805576	0
2.32146214972038e-07	0.00137778778585905	0.0102722378662977	0.0285876456427316	0.0671255423515947	0.250411247019823	0.642225307187479	0
2.29181286522903e-07	0.000873639064225305	0.0096904723380479	0.0272519467804384	0.0660658602846707	0.253463043830004	0.642654808521327	0
2.28690452150754e-07	0.000371393294292824	0.00881464478769865	0.0271462427416509	0.0660167588937145	0.251055006228384	0.646595725363806	0
2.27459192114991e-07	8.18853091613966e-06	0.00874375880409235	0.0271797812433966	0.0658412475863736	0.257075516224323	0.641151280151706	0
2.0167389331451e-07	0.0149194312796209	0.0414141373399213	0.0940510234950086	0.316023595845518	0.533591610366038	0	0
1.54101701883785e-07	0.000389877305765977	0.0195260725439926	0.022860371067652	0.101494925199804	0.855728599781083	0	0
3.51552173154914e-07	0.00058955299438079	0.0130998886282715	0.0190977202544675	0.0745273029479759	0.892685183622731	0	0
2.35254650219857e-07	0.000800336320047954	0.0430210178857053	0.0605714853014071	0.13303697520863	0.76256995002956	0	0
2.54560515271213e-07	0.000637419530239116	0.0403547148043995	0.0451081233060589	0.0829895281440833	0.165211810895139	0.665698148759565	0
3.0015950476083e-07	0.000364393638779648	0.0178306752208123	0.0201184909660994	0.047788094593467	0.134947811266907	0.77895023415443	0
3.16498163044662e-07	0.00154799251545144	0.0131672730771471	0.0167468673011822	0.0355547706401112	0.103126178955657	0.829856601012288	0
2.85353110206225e-07	0.00157885875877104	0.0130420639019755	0.0162305995554199	0.0334616471152227	0.0903011331372006	0.8453854121783	0
2.53124185256529e-07	0.00152001073246545	0.0123560039791122	0.0153793192478162	0.031948322166338	0.0857759395336946	0.853020151216388	0
2.7366894268004e-07	0.00144989805831885	0.0122559899289829	0.015369247820911	0.0314875275379374	0.08302869418864	0.856408368796267	0
3.36633350064011e-07	0.00143742440477333	0.0120605630327433	0.0151623027202331	0.0313971192937702	0.0817487159962445	0.858193537918886	0
2.69076153933086e-07	0.00138062974583066	0.0112632587274851	0.0144270561454303	0.030239854483616	0.0801236135851169	0.862565318236367	0
2.66979994388081e-07	0.00138322335092465	0.0113586638612409	0.0145167702148575	0.0304560098398147	0.0805718925063788	0.861713173246789	0
2.97145560318469e-07	0.00165926080881833	0.0123921584475214	0.0160711176298244	0.0330535806931455	0.0847254107591653	0.852098174515965	0
2.30721063310321e-07	0.00123643417828001	0.00983863830274203	0.0126859669450547	0.026254903399398	0.0655520070656018	0.203407842393519	0.681023976994341
2.38650896933599e-07	0.00120590298220547	0.0096266998805075	0.0126239164950966	0.0261172382077222	0.065652861746433	0.203096686308431	0.681676455728707
2.21675914246889e-07	0.00114517777299943	0.00945802455725778	0.0123409198220386	0.0255938143552889	0.0653471777330978	0.206052195810769	0.680062468272635
2.41661295744369e-07	0.00124745560863243	0.00965412710369179	0.0127353086244325	0.0260017887769111	0.0659764336737616	0.204380690972476	0.680003953578798
2.34834394784798e-07	0.00128947566176332	0.00977075466381108	0.0130852073118037	0.0264919029100678	0.0666699543481937	0.208378186702737	0.674314283567228
2.36901087399681e-07	0.00131409033180603	0.0096629584539456	0.0130125029286897	0.0263621161047491	0.0668942338512228	0.205641988917293	0.677111872511206
2.33065354788398e-07	0.00145176409497693	0.00949438335801495	0.0130670421815663	0.0261287238599725	0.0661208742188232	0.205446644115263	0.678290335106028
2.29499550984129e-07	0.00147269861866515	0.00958344224999524	0.0131829132076303	0.0262322576765879	0.0669801324533709	0.207831809877064	0.674716516417136
2.32947052765536e-07	0.00154467190688827	0.00930110992282231	0.0131004763534282	0.0260001523473725	0.066488912535603	0.208296362694834	0.675268081291999
2.27722168024346e-07	0.00168673809855633	0.00933296533430981	0.0133871030916472	0.0262654748599281	0.0669849311686975	0.210896915639867	0.671445644084826
2.30941175356637e-07	0.00169672481534521	0.00918060454395238	0.0133895074648271	0.026050395521404	0.0669110486184291	0.211642806979135	0.671128681115732
2.25186781175646e-07	0.00196520503931986	0.00926148193619197	0.013919245318029	0.0264844425208489	0.0677028561340204	0.212983233943394	0.667683309921414
2.36116079386948e-07	0.00195055493181558	0.00913722004011612	0.0138425412701392	0.0263078174492144	0.0677107719697158	0.215203986583884	0.665846871639035
2.15836530591807e-07	0.00215081102734735	0.0093752913793163	0.0144511190692438	0.027074102724375	0.068869983527356	0.216471089991746	0.661607386444085
2.33639073424817e-07	0.002266999929441	0.00931799352632855	0.0146101521784741	0.0273334351999693	0.0699363520436176	0.218610707304913	0.657924126178183
2.3613007366786e-07	0.00254359315355019	0.00900033388792417	0.0145491544890452	0.0267273269083914	0.0692255453069856	0.218458807344779	0.659495002779251
2.29220791426042e-07	0.00272612287242992	0.0090792063275941	0.0148750540388016	0.0270269650754618	0.069704208906328	0.220659394866279	0.655928818692314
2.19583897297976e-07	0.0028965311892576	0.00907254788466048	0.0149046961968947	0.0271405697060299	0.0699614059342109	0.224557252987878	0.651466776517171
2.20657710023112e-07	0.00286678496862027	0.00895296592647773	0.0149685364171278	0.0274696783207772	0.0707549980074609	0.225430536290912	0.649556279410915
2.05328774486996e-07	0.00306720123328675	0.00868027394143777	0.0149908484965211	0.027419399216219	0.0713735139843268	0.229437657872161	0.645030899927273
2.20745483988889e-07	0.00313392363619025	0.00879935648276508	0.0150484403890065	0.0277399812454637	0.072671620783982	0.230214140779108	0.642392315938001
2.09345957173679e-07	0.00325826047745114	0.00873789090647218	0.015299630588124	0.0282673565592903	0.0739855827626214	0.232357683478124	0.63809338588196
2.31247236595523e-07	0.00347518347155752	0.00881445091731154	0.0154551778106252	0.0283307926970273	0.0737868307473726	0.23307524600081	0.637062087108059
2.15014598416159e-07	0.00338755499804659	0.00869175012637483	0.0156294111588706	0.0285629692827995	0.075039234788846	0.236637541505881	0.632051323124584
2.24184333326234e-07	0.0033703872672266	0.00862549222472686	0.0156251996641719	0.0288727002890857	0.0759552214212614	0.242260988675328	0.625289786273866
2.17119150213016e-07	0.00343439071806948	0.00875207294508666	0.0158989840126485	0.0291984004397965	0.076227711090837	0.24096426088516	0.625523962789252
2.21465548265648e-07	0.00335298840074191	0.00870492484012956	0.0161731860587437	0.0296064003543449	0.0778803532375495	0.252331866124076	0.611950059518866
2.24030296064997e-07	0.00326658574692373	0.00854742788576785	0.0162011989205324	0.0297586163172018	0.0789832250594912	0.25343875302945	0.609803969010337
2.00770355855417e-07	0.00335908882381699	0.00873270739828723	0.0167659308767742	0.0310358846895538	0.0833395739452278	0.273388993568322	0.583377619927662
2.20723996781844e-07	0.00323537234482827	0.00847624292441638	0.0164081804727687	0.0304343075722678	0.0816561804374529	0.262754260249043	0.597035235275226
2.01928416376395e-07	0.00303740723913373	0.00832974910394265	0.0168014538845979	0.0311959210459892	0.085033267706598	0.271940229188753	0.58366176990257
2.13441704801585e-07	0.00305840618810191	0.00795454545454545	0.0164326634109692	0.0312892732736835	0.0843841779933065	0.27582858069804	0.581052139539649
1.98856258344506e-07	0.00302897852710351	0.00786456616126686	0.0162151370179277	0.0310820286042796	0.0838755812071291	0.278209848236881	0.579723661389154
2.12910283438944e-07	0.00302673258936803	0.00791451396627586	0.0166436226769891	0.0318156094748483	0.0862597496941544	0.28239398025981	0.571945578428271
1.96795422695904e-07	0.00287655869354604	0.00761007899565062	0.0162832468647045	0.0313345543833327	0.0854861604602966	0.288987977570832	0.567421226236215
2.04483798032989e-07	0.00289037848519629	0.00765587339835509	0.0165057276934248	0.0323538354923755	0.0888465743749493	0.297877274140999	0.553870131930902
1.89384111506335e-07	0.00279587763816802	0.0075668421752356	0.0164027472816752	0.0324271051085607	0.0910767130645114	0.297069053613506	0.552661471734232
1.84840355233588e-07	0.0027278739625373	0.00740914079918315	0.0161751946461361	0.0320396726551245	0.0905333272705697	0.30236277729288	0.548751828533214
1.84863966925618e-07	0.00269845932521325	0.00746240375288642	0.0167274160472645	0.0331854852947185	0.0957793153119311	0.30883540692164	0.53531132848238
2.01170773668597e-07	0.00275161384223906	0.00752740800913154	0.0167414317847006	0.0334470551716882	0.0953718450639029	0.30805763381729	0.536102811140274
1.78986837844905e-07	0.00274977478981128	0.00752138489991861	0.0169101394790731	0.033687828698141	0.0968206031033096	0.316149463316916	0.526160626725992
1.87163223175299e-07	0.00273950809761685	0.00751872100139811	0.0160245408418227	0.0341559780869298	0.09851167804931	0.32411317385779	0.51693621290191
1.75089492616914e-07	0.00278794999093912	0.00757699779299695	0.0161873737714189	0.0346985352888495	0.102421400138146	0.332722562819921	0.503605005108236
1.75552829025062e-07	0.00273669305167169	0.00750979892003411	0.0162725183808201	0.0349358907401325	0.103516305610089	0.335041696430186	0.499986921314238
1.71424467037046e-07	0.00269787826222904	0.00753496244861337	0.016278981663239	0.034945220454436	0.104493155278168	0.33550716699983	0.498542463469018
1.76605868330435e-07	0.00262100769189199	0.00740473084735849	0.0156038348904673	0.0358969087968443	0.107255569530967	0.344817306527388	0.486400465109215
1.59065635730468e-07	0.00256191112907492	0.00723748642573631	0.0151039183751509	0.0349691484246219	0.108859430993589	0.351112576635835	0.480155368950356
1.61324851302851e-07	0.00262072220941482	0.00737157775543249	0.0153460264801837	0.035688928904622	0.10714535191645	0.34952174441207	0.482305486996975
1.61392416299472e-07	0.00267701600915934	0.00744809861980433	0.0154846339894365	0.0361943474565685	0.111038789376118	0.361478664406742	0.465678288749754
1.58725825263183e-07	0.00257548524072041	0.00737249713182434	0.0154884660291814	0.0364348782858627	0.112404074047502	0.359340665619923	0.466383774919161
1.59522250003908e-07	0.00253847756431219	0.00743995821793228	0.0158292333456378	0.0371798508084109	0.115605934100082	0.365065392955944	0.45634099348543
1.57407213563339e-07	0.00254070983412585	0.00749305558725562	0.0162373411151262	0.038206823319375	0.118172521139395	0.36242050738956	0.454928884207948
1.47781409423814e-07	0.00245184136375049	0.00723951568485378	0.0154679845615717	0.0370428880861731	0.117083811714071	0.368668065368446	0.452045745439724
1.42863122699279e-07	0.00244967396492453	0.00744545450259561	0.0163132542547852	0.0384458949496029	0.124486496363348	0.373219479043909	0.437639604057713
1.50523498148034e-07	0.00240672021188892	0.00727585432998153	0.015309142902644	0.0369416274389887	0.122763202002083	0.37704555789352	0.438257744697396
1.44156279245705e-07	0.00246737887556949	0.00739118074948579	0.0157858333588009	0.0377435736572275	0.124749816777369	0.376182730193071	0.435679342232197
1.39772542550606e-07	0.00241848430375313	0.00729696535639692	0.0155024522393728	0.0374699436618813	0.127174004655264	0.383649352063413	0.426488657947376
1.3876454044237e-07	0.00241491929731857	0.00734688859372129	0.0160676849023625	0.0381503963392804	0.126918905447507	0.384749665993751	0.424351400661518
1.37372374195753e-07	0.00235785943069591	0.00720847796354797	0.0158453538739834	0.037991978552326	0.129023980271129	0.386451429799145	0.421120782736798
1.3983553662866e-07	0.00248893271645352	0.00755741157709595	0.0159784474284105	0.0387889795054241	0.133678018608754	0.384595129975733	0.416912940352593
1.38598755494055e-07	0.00250184613542318	0.00782085057501852	0.0176517989009673	0.0420321515849045	0.142166841855494	0.382894169316675	0.404932203032763
1.46034648180627e-07	0.00259299121309522	0.0080168640811719	0.0168407156281899	0.0401387913296309	0.136992036730635	0.387101343664798	0.408317111317831
1.38148470648078e-07	0.00286326520265206	0.00880489277675525	0.0198013728918716	0.0459303601848371	0.143861324354788	0.374403630320771	0.404335016119854
1.34593288021157e-07	0.00252564304971701	0.00793777375433575	0.0166999313978011	0.0397404180009909	0.143306722894359	0.389730747473247	0.400058628836262
1.32359239919123e-07	0.00254818008692296	0.00795412852293971	0.0170649444435326	0.0406387868693281	0.14025261555094	0.39128409110763	0.400257121059467
1.43118067539706e-07	0.00228115887851537	0.00746947506296479	0.0161628958395292	0.0387022740602224	0.137865061988729	0.39558635329153	0.401932637760443
1.43345685431047e-07	0.00219892281451226	0.00743362055508323	0.0159596785788365	0.0376127610916233	0.133015191919088	0.399546425582159	0.404233256113013
1.4005351164573e-07	0.00227656983180133	0.0076578459097652	0.0162088130632952	0.0380861519569397	0.133748022444416	0.399323233421025	0.402699223319246
1.43266496169985e-07	0.00230630405534442	0.00771232202182264	0.0166398304641591	0.0384418393183151	0.134384833006423	0.399041317914229	0.401473409953211
1.35035792587183e-07	0.0023484074688837	0.00792957181230457	0.01709566637733	0.0394023639905993	0.136285548847578	0.39768905145998	0.399249255007532
1.43635854381971e-07	0.00226729196141941	0.00786693574450054	0.0165155378085478	0.0385423833497318	0.135707873399358	0.398999289002521	0.400100545098067
1.39441367205872e-07	0.00239462659902645	0.00815271841642575	0.0172292358905904	0.0395793165504493	0.137844902992732	0.397048974457549	0.39775008565186
1.43369710051966e-07	0.00210337701617239	0.00749565518093688	0.0163368350907114	0.0379179908054138	0.137369257577161	0.399172240642044	0.399604500317851
1.51123375612616e-07	0.00205376667457546	0.00730273487972846	0.0154872746561565	0.03648103174951	0.131277702803792	0.403547772365882	0.40384956574698
1.45940916111994e-07	0.00200931453302993	0.00731952070668094	0.015226891423461	0.0359213133281417	0.131112443389519	0.404117839700833	0.404292530977419
1.40834795433235e-07	0.00198605228519947	0.00717018110509684	0.0152417049009664	0.0354206552254357	0.129179448597976	0.405446898381217	0.405554918669314
1.49447522399195e-07	0.00199766503191003	0.00736865953941469	0.0154673702257494	0.0361497117456188	0.130979245923669	0.403982208571353	0.404054989514762
1.37676020513176e-07	0.00200814243520519	0.00742211426586534	0.0158215906013537	0.0369437079924647	0.132484120103604	0.402642195580077	0.40267799134541
1.47593350211125e-07	0.00204328234032281	0.00754541484284334	0.0161076002752911	0.0369215097087644	0.132029041057961	0.402667425099696	0.402685579081772
1.46169446931355e-07	0.00205791964334655	0.00765284756353803	0.0156262447241965	0.0365237982130785	0.13315247300433	0.402488973342347	0.402497597339716
1.47081924043364e-07	0.00203737881184868	0.00775886565713556	0.0157621814720312	0.0364723459508052	0.132495074226364	0.402733694056655	0.402740312743237
1.42503489910468e-07	0.00211190172047313	0.00793445181472494	0.0166811735219396	0.0377176812060127	0.134412711767311	0.40056947244638	0.400572465019668
1.45483134212992e-07	0.00205727700090592	0.00784750574258302	0.0161204041696048	0.0370493168912175	0.133393922209295	0.401764768611257	0.401766659892002
1.41494910711052e-07	0.00201106716593618	0.00778986081428623	0.0158075284348173	0.0365973756655921	0.134374886804071	0.401708720840729	0.401710418779657
1.46859116727591e-07	0.00200962015330036	0.00783023438568171	0.0161988542932868	0.0370380160978152	0.134268444073185	0.40132675463234	0.401327929505274
2.34008502464929e-07	0.0035183178345602	0.0136066583843257	0.0278296951641441	0.063000237050613	0.225635444238231	0.666409413319624	0
1.37861970389455e-07	0.00196536024987206	0.00795132700418218	0.0163291989447493	0.0372028798814166	0.135839811007782	0.400355573594028	0.400355711455999
1.39474351852226e-07	0.0020109412050054	0.00797932766946587	0.0160221161690245	0.0366488385900984	0.133228132478876	0.402055182469413	0.402055321943765
1.74466116237701e-07	0.0031342837782103	0.015954402931589	0.0369925740242285	0.0913851772191916	0.352122519876925	0.50041086770374	0
2.03456191711073e-07	0.00312345945514839	0.0140026689383229	0.030557085433086	0.072757765261605	0.299466558210953	0.580092259244693	0
2.20072117632948e-07	0.00337854714990102	0.0138704853580518	0.0284630273340574	0.0662001137772848	0.251120112060722	0.636967494247865	0
2.27718071364566e-07	0.00335314860084324	0.0137760324452708	0.028145725902589	0.0637984057457824	0.234833122504352	0.656093337083091	0
2.31788171571459e-07	0.00327006752453014	0.0136979855753585	0.0278878256507916	0.0628442633818265	0.230261151097146	0.662038474982175	0
2.42275001023612e-07	0.0031367344382527	0.0133537135064194	0.0265715107372646	0.0609704422076001	0.224706671599386	0.671260685236076	0
2.29407099645038e-07	0.00297724533919331	0.0128818968663678	0.0260159121352456	0.0599172345065901	0.221505172097765	0.676702309647738	0
2.38505410614493e-07	0.00306169395605824	0.0131581049981909	0.026091537899583	0.0608944859218604	0.222236956556478	0.674556982162419	0
2.1361573903676e-07	0.00298058040677991	0.0126270399502019	0.0254038245334686	0.0602699718433094	0.224136527800059	0.674581841850442	0
2.3328800547387e-07	0.00290770170022631	0.0128240749489041	0.0262894586248559	0.0605417367405513	0.223409658170084	0.674027136527373	0
2.31014479294519e-07	0.002844943312512	0.0125792004265451	0.0261748645619862	0.0606484622636693	0.224547921990107	0.673204376430702	0
2.32322521275516e-07	0.00296187982374155	0.0127942335691639	0.0259734255560814	0.0604614715169104	0.223292377196058	0.674516380015524	0
2.41969867008522e-07	0.00304204516803113	0.0132260729306858	0.0271833787994713	0.0616761833415361	0.224574653269279	0.67029742452113	0
2.28695629900947e-07	0.00313038578208417	0.0133283813106272	0.0272383356080925	0.0625770704272766	0.225482913692099	0.668242684484191	0
2.27853650511691e-07	0.00298260428519803	0.0133182737260588	0.0265932552585205	0.0613828620332475	0.22563139385825	0.670091382985074	0
2.35267767657081e-07	0.00299707609218356	0.0133363886774093	0.0264702118068659	0.0612884298135079	0.225726012804213	0.670181645538053	0
2.20878056538156e-07	0.00279035248824653	0.0130932094354688	0.0259257827642226	0.0601393519658699	0.225844057883304	0.672207024584832	0
2.31554485465093e-07	0.00293726864812471	0.0132062469695307	0.0264215245639945	0.0616451297839736	0.227500661088056	0.668288937391835	0
2.33637981685586e-07	0.00301860272337777	0.0135355828309727	0.027114622326539	0.0626086708662315	0.228288606456913	0.665433681157985	0
2.31754060736714e-07	0.002851965471426	0.0132727868124523	0.0264693265389223	0.0612231654869999	0.230159129290724	0.666023394645415	0
2.33786114694533e-07	0.00288749230259217	0.0131336363513095	0.0271554261523435	0.063084611403058	0.230560100097863	0.663178499906719	0
2.24538108270929e-07	0.00278449708066779	0.0126776461310849	0.0263486488531604	0.0612870030382251	0.228584509520079	0.668317470838675	0
2.42124419022457e-07	0.00272365758958361	0.0127367129382573	0.0268118896648708	0.0614279336036733	0.228574894409541	0.667724669669655	0
2.31217508159666e-07	0.00267518656940733	0.0124290971511228	0.0252031708244199	0.0599278786348548	0.228309947994558	0.671454487608129	0
2.24665635750953e-07	0.00256186224446811	0.0124651234683701	0.0243409489741655	0.0589616987777515	0.228188842250799	0.67348129961881	0
2.21868711408711e-07	0.0026615370620589	0.0125954867466725	0.0250516399425804	0.0605706019520009	0.231217815170051	0.667902697257925	0
2.4952552721001e-07	0.00262825237810304	0.012524434787252	0.0252300251072585	0.060010390242953	0.228823641845032	0.670783006113874	0
2.33683297439579e-07	0.00251326386396267	0.0120746496620005	0.0246921456239531	0.0591246784517827	0.229204990727447	0.672390037987557	0
2.37893764733058e-07	0.00250811396158063	0.0120533633777299	0.0250111988489748	0.0593604416450164	0.229719497083066	0.671347147189868	0
2.35320750419047e-07	0.00251722606723255	0.0121037227978037	0.0256589039841921	0.060539086894305	0.232492665640511	0.666688159295205	0
2.39318669321189e-07	0.00245493090989676	0.0121406360946639	0.0255123274243161	0.0604688874960542	0.232694328554379	0.666728650202021	0
2.35922337197663e-07	0.00240381269370698	0.0117496401594552	0.0248336570581004	0.05970675325331	0.231789685616971	0.669516215296119	0
2.35171219934241e-07	0.00237569966377571	0.0118406357524691	0.0245876213865648	0.0595876837069381	0.234148695469967	0.667459428849065	0
2.36239520414874e-07	0.00233877125210726	0.0115667593985531	0.0238982261246891	0.058914356559143	0.234336374838412	0.668945275587575	0
2.27912072434103e-07	0.00223741281508559	0.0115385044911213	0.0238102021192632	0.0588642184199904	0.231990331058239	0.671559103184228	0
2.36020004111468e-07	0.00264885250614301	0.0120608582301001	0.0246393083292167	0.0588027318843436	0.236614302481821	0.665233710548371	0
2.42379468326093e-07	0.00221777213518376	0.0116351839975258	0.024785482051558	0.0595596643723026	0.235520614131402	0.66628104093256	0
2.49905723065973e-07	0.00215343761565949	0.0114634254227593	0.0243218245916728	0.0593541086625071	0.23614991244553	0.666557041356148	0
2.30552972081418e-07	0.00199128601986721	0.0108558172434257	0.0224454845969865	0.0574833114231159	0.237388406597688	0.669835463565944	0
2.4531359049557e-07	0.00201132612847318	0.0108980562577657	0.0232191766539962	0.058066462811073	0.237152743280554	0.668651989554547	0
2.36076001363575e-07	0.00177434722624863	0.0102622237792746	0.0221630510840138	0.0568220770722043	0.236486065377944	0.672491999384314	0
2.4489935860858e-07	0.00173584665381761	0.0101410375406227	0.0227254359820832	0.0572765721926574	0.237060130139519	0.671060732591941	0
2.39638567526913e-07	0.00157059117157139	0.00960423450934363	0.0221320595425156	0.056599514348479	0.239248196300412	0.670845164489111	0
2.35524543777182e-07	0.00131775982243334	0.00914753775576199	0.022369885643413	0.0574027483830062	0.239788009068637	0.669973823802205	0
2.39721462837899e-07	0.00102504897509486	0.00832816334045146	0.0207124138321202	0.0542259537797842	0.239811598107926	0.67589658224316	0
2.3703557619556e-07	0.000681477281562235	0.0078266776904012	0.0206476949712428	0.0553115405985053	0.241586185187362	0.67394618723535	0
2.4512477463841e-07	0.000299052225058861	0.00710420621857041	0.0184176950672316	0.0526964338022162	0.241540560183647	0.679941807378501	0
2.49002061986075e-07	4.98004123972151e-06	0.00655771830446528	0.0179343735145471	0.052233909549005	0.243524514626506	0.679744254962175	0
2.11444250925967e-07	0.011335737736392	0.025833412801131	0.0694340631190691	0.30394709326531	0.589449481633847	0	0
