4.8912240679528e-07	0.00220643117705351	0.0313625287237133	0.0382645350060015	0.0966026535868813	0.831563362383943	0	0
3.24214056494948e-07	0.0019507959779301	0.0278914868521474	0.0353523007202091	0.0903289540660009	0.844476138169656	0	0
2.86376141889069e-07	0.00175978139190833	0.0238262086290286	0.0318879833993478	0.0881468628495973	0.854378877353976	0	0
2.15245632935165e-07	0.00129922264039665	0.020234596215336	0.0238963549228291	0.0459355705246935	0.107536287723142	0.801097752727969	0
2.39123011572597e-07	0.00127046056048521	0.019763038660452	0.0233125806442357	0.0448829110261534	0.105026891773881	0.805743878211781	0
2.04016513912702e-07	0.00242861258161681	0.0182613141438121	0.0221586416090864	0.0414583998087141	0.0983902280986232	0.817302599741633	0
3.3815039847643e-07	0.00283302403843553	0.02496226241553	0.0300375617462628	0.0529621298605738	0.111999131629777	0.777205552159023	0
2.93641515977182e-07	0.00250329392370547	0.0220386766986354	0.0262494960377482	0.0487306905009612	0.109738239143412	0.790739310054021	0
3.03421256722298e-07	0.00270348339739567	0.0228166716630034	0.0275460987915338	0.050165243216411	0.11053757750896	0.786230622001439	0
2.08319315179416e-07	0.00197111736022763	0.020641944302498	0.0245279328078548	0.0462166816691293	0.106791980456315	0.79985013508466	0
2.67070477228236e-07	0.0018633507196214	0.0195255225901563	0.0232663787646922	0.0440968077065857	0.102851778555843	0.808395894592624	0
2.99871475085778e-07	0.00208830495249736	0.0204905177640863	0.0245873618567082	0.045628443649052	0.104731312159608	0.802473759746573	0
2.50326300332483e-07	0.00247772972069092	0.0222462479842475	0.0273343803648055	0.0505456362368347	0.112570986280617	0.784824769086504	0
1.95803385205566e-07	0.00188871945369289	0.0174030048770707	0.0211647795136401	0.0394880603011769	0.0864904671163879	0.229968334676545	0.603596438258102
2.00765639844109e-07	0.00204841182332945	0.0169281572203756	0.0206144151335533	0.0383791627751593	0.0851469162799251	0.230816642347255	0.606066093654762
2.04489443028014e-07	0.00205164258190007	0.017511248964261	0.0214484887003224	0.0395347619783781	0.0865376829055823	0.23094301533589	0.601972955044223
1.92699985007941e-07	0.00182930095768039	0.0159474653592872	0.0195852556762671	0.0368319043344778	0.0835340946010474	0.232869453082757	0.609402333288498
1.92928923441173e-07	0.00183706920900685	0.0154975945621825	0.0193349508494275	0.0364778432707163	0.083057252043889	0.23084601648076	0.612949080655094
1.96751978980593e-07	0.00184691082669082	0.0153757736533753	0.0192348669691007	0.0361594722010113	0.082685412670552	0.225284163964442	0.619413202962849
1.97198091201356e-07	0.00286528826515571	0.0172051390611359	0.0215363979362825	0.0386884907108853	0.0850679041767147	0.22582415491251	0.608812427739225
1.8629904648422e-07	0.00212064204612988	0.0153108008362592	0.0196258593509267	0.0365371552955318	0.0835182351369689	0.227898319470821	0.614988801564316
2.02316196746836e-07	0.00239319829131833	0.0156556319366637	0.0203979235884095	0.0373214711300857	0.0846347322689074	0.229992243197017	0.609604597271402
2.02428740022793e-07	0.00241760644209222	0.0146106991686252	0.0194003655863045	0.0354110619209273	0.0822611695118026	0.228908241076435	0.616990653865073
1.93696233557369e-07	0.00281556845098991	0.0152578397097811	0.0204905434593334	0.0369245066992748	0.0840209711038148	0.230071417738275	0.610418959142298
1.89401795263857e-07	0.00266242103602403	0.0143166923021997	0.0196074420511002	0.0358797078893992	0.0833661471943628	0.232049018699829	0.61211838142529
2.00475045668215e-07	0.00338161307033146	0.0151887913600067	0.0211495158928597	0.0375822549112377	0.0865839693738282	0.234564824808867	0.601548830107823
1.94572099956357e-07	0.00348361887761862	0.0146004958086251	0.0206773716344621	0.0367478596582575	0.0851640135787977	0.234312283939844	0.605014161930295
1.91291090521813e-07	0.00400773963752251	0.0149987518256343	0.021655873066884	0.0376460866146929	0.0866003460455828	0.237185266377626	0.597905745140967
1.84737197481293e-07	0.00393804283870872	0.0141137371503733	0.0208507332681211	0.0362493176269768	0.0848669753625237	0.238479649812168	0.60150135920393
1.95806260670217e-07	0.00412955403753489	0.0136165631732676	0.0207137568975203	0.0359063646629225	0.0850361135276867	0.243417336177223	0.597180115717584
1.87179618685168e-07	0.00420929526499206	0.0131087502353784	0.0199584012015434	0.0350095143400178	0.0834076124453482	0.237721672142918	0.606584567190183
1.89133844536897e-07	0.00464020974186824	0.0132512845497886	0.0205068370939131	0.0359568025864432	0.0854754474954045	0.240012172654234	0.600157056744503
1.97688077471585e-07	0.00529922660470332	0.0146089512370727	0.0222658058537021	0.0381794984020873	0.0883023220046204	0.242465613147364	0.588878385062373
2.03005702430181e-07	0.0051267060091718	0.0135049543541678	0.0212950951792236	0.0370355483285525	0.0876513661268745	0.244685615218932	0.590700511777376
1.85949264486982e-07	0.00517236474096989	0.0129822338494231	0.0208133011740279	0.0366496702840617	0.0871873332848626	0.245789597291537	0.591405313425853
1.95260748274334e-07	0.00556044032860822	0.0133284986772061	0.02141834673896	0.0377009452768085	0.0896055479045886	0.248117051789204	0.584268974023877
1.95630131500618e-07	0.00543421379282417	0.0131338245084255	0.0215858287097782	0.0378305635693265	0.0896919158000089	0.250125252191693	0.582198205797812
2.02709824939795e-07	0.00534201201663842	0.0128264641730655	0.0213524394100333	0.0373403660128599	0.0899543092054586	0.250025946857592	0.583158259614527
1.86894124291695e-07	0.00496203899994449	0.0121583972557962	0.0206884319825934	0.0370928768481726	0.0891567206286072	0.264668805856813	0.571272541533948
1.87205549072003e-07	0.00504631278078492	0.0122628994919616	0.0209443696246267	0.0371374624138059	0.0907308542076881	0.255948549924537	0.577929364351046
1.92590466964476e-07	0.00522960153995337	0.0125757723118463	0.0217968112796385	0.0387802090184338	0.0932675187510893	0.268748826401842	0.55960106810673
1.93572165251783e-07	0.00519547691535786	0.0126085165558402	0.0221436878439777	0.039132936071631	0.0937700347191036	0.262710722659093	0.564438431662831
1.82867676035282e-07	0.00526146877488715	0.0128623637292937	0.0224674884130469	0.0394463863975708	0.0948971689340735	0.271524851260004	0.553540089623448
1.81985343628366e-07	0.00500860062733988	0.0123891982235319	0.0222504380387221	0.0395374078153242	0.0959082779309286	0.276966224248164	0.547939671130646
1.7488363243098e-07	0.00465137997176679	0.011479536516402	0.0218608038211374	0.0403341116820867	0.100647279300354	0.285633239642342	0.535393474182279
1.74662817796814e-07	0.00467869290032325	0.0116795279632551	0.0220043711116782	0.0400157755457034	0.0995888961257516	0.281452188586239	0.540580373104232
1.69259697014987e-07	0.00488974338706595	0.0119116511774297	0.0227422406700247	0.040782954736064	0.100341210623213	0.281675386644157	0.537656643502349
1.77387462289643e-07	0.00476356291232607	0.0117817204703535	0.022826041259969	0.0415365160073559	0.102487912374851	0.285706277937417	0.530897791650266
1.66080099435477e-07	0.00463180789315602	0.0116998447649311	0.0227856914022492	0.0414735224310274	0.104348790795708	0.291423573841122	0.523636602791707
1.67236944647916e-07	0.00460687611421614	0.0115661070918499	0.0225987283302729	0.0413737511581158	0.105243714399435	0.291711068075471	0.522899587593694
1.72195609390791e-07	0.00460554376876609	0.0114461865474247	0.022752550260024	0.0423236144409437	0.10658615488754	0.294723117208902	0.51756266069079
1.7139535011271e-07	0.00458122631316261	0.0114570935736342	0.0227422776111053	0.0423535049663517	0.107155687309066	0.304299589473857	0.507410449357473
1.69690206770911e-07	0.00457230262144219	0.0115895017420397	0.0235468918523587	0.0437354448225142	0.109618855432768	0.305771740878982	0.501165092959689
1.65132203190552e-07	0.00472823037395508	0.0117379272671908	0.0236332255240223	0.0441231595603124	0.11309491766013	0.311446766166525	0.491235608315661
1.59619441711848e-07	0.00443821857679794	0.0115779962045689	0.0226260558626545	0.0447706994891061	0.11603647048852	0.310602833149319	0.489947566609592
1.68622832037326e-07	0.00449008877148993	0.0114714112634993	0.0220118558713205	0.0446626236532305	0.115289622360737	0.311277073449576	0.490797156007315
1.58106516360072e-07	0.00440848399566788	0.0113850921365724	0.0221099314608252	0.0447925247239065	0.116663003865704	0.313589096974632	0.487051708736176
1.64597728090479e-07	0.00437089266944266	0.0112360993103684	0.0220735429233017	0.0454261747915946	0.12035106061838	0.318269952783496	0.478272112305688
1.67088090679375e-07	0.0042580729028732	0.0112258133722938	0.0212399039109808	0.0461539078479104	0.122058852769828	0.32473420044255	0.470329081665474
1.61700860200066e-07	0.00438063800367999	0.011379212933999	0.0213341646913559	0.0469590617081206	0.125423595615902	0.328560462943095	0.461962702402988
1.69592361017364e-07	0.0040395204470726	0.0105886686524802	0.0200887239395898	0.0444732223837495	0.12148596148354	0.331174196454434	0.468149537046773
1.5523389712215e-07	0.00390071736688538	0.0103795592971754	0.0198567439503798	0.0439682937869806	0.120922704075138	0.33864165993469	0.462330166354854
1.54553199065757e-07	0.00380417244180454	0.0104740703006863	0.0203818576799957	0.0444451725617378	0.120787807112662	0.337476956118019	0.462629809231895
1.45816722378376e-07	0.00379327621595107	0.0108713657369198	0.0215937067835689	0.0469321328145369	0.125629563698869	0.336524289274713	0.454655519658719
1.51796158403542e-07	0.00370246009962078	0.0100766843833023	0.0194631516343437	0.0437840839299175	0.124178365343601	0.347088443424509	0.451706659388547
1.51376069017799e-07	0.00361319539138585	0.0102433158382965	0.0199218475630875	0.0450663208833581	0.127554168412537	0.350954062812592	0.442646937722674
1.51443743495491e-07	0.00366933046115226	0.0103049895261507	0.019900465114025	0.0450214989538266	0.127687520672071	0.354167852975991	0.43924819085304
1.48870401170002e-07	0.00371089248996465	0.0103595934766181	0.0197875559827144	0.0449070542537335	0.128999031151429	0.356049318977463	0.436186404797676
1.47027385614899e-07	0.00370376687102493	0.0106778638802821	0.0204678293788358	0.0463330340835945	0.130989638392026	0.357908617774964	0.429919102591887
1.42464368592932e-07	0.00358525830000973	0.0102514510352102	0.0201557164041594	0.0457678181254282	0.132635039481863	0.36138950627406	0.426215067914901
1.39623950813275e-07	0.00353862940941163	0.010256915050694	0.0196878148083766	0.0447811708724891	0.131693868902884	0.360592536122461	0.429448925209733
1.36537914599084e-07	0.00350574749524609	0.0103146202204732	0.0200003468063031	0.0452060650687817	0.133987659430203	0.364388699958342	0.422596724482736
1.50226887668446e-07	0.00355932564952848	0.0105537393124836	0.0200685094698523	0.0454914056699834	0.137174875214036	0.372568690493252	0.410583303963977
1.39676782338597e-07	0.00353996837158941	0.0104436330154569	0.0200063245647043	0.0456998686758892	0.137626885880996	0.371301114369305	0.411382065445277
1.32601303417772e-07	0.00344140162760144	0.0103120055628899	0.0199359429623449	0.0456148483757136	0.140605515895979	0.374141605462325	0.405948547511843
1.37197698590925e-07	0.00365727905133828	0.0108740151949195	0.0211602754490755	0.0473164678946409	0.141524090818291	0.371808095542282	0.403659638851754
1.39851768313729e-07	0.00362523753822848	0.0110464716237965	0.022071965482346	0.0491885240995364	0.145677992981679	0.373582112846951	0.394807555575694
1.32672658871529e-07	0.00341486156669428	0.0105377912761889	0.0204980584683101	0.0462974510398087	0.144819371481853	0.377215699739484	0.397216633755002
1.26546509069019e-07	0.00346319831369184	0.0106623026681193	0.0204094209826514	0.0463096949938074	0.144158113282663	0.380607228361907	0.39438991485065
1.3713245074888e-07	0.00360822904410454	0.0109668934837402	0.02091009322264	0.0473142609520832	0.148833277109029	0.380380734536259	0.387986374519694
1.34422459949836e-07	0.00375724217805787	0.0114545410797054	0.0220845347900785	0.0488438794698324	0.15244662991467	0.378204446614322	0.383208591530874
1.26589937973462e-07	0.00372668118400075	0.0113297994486249	0.0216225741253711	0.0482826682424582	0.150262636144314	0.380714048267731	0.384061465997563
1.25422548566119e-07	0.003796665967645	0.0115979484884576	0.0223485422388025	0.049095904100916	0.154272619454944	0.378262742178399	0.380625452148288
1.28543477710368e-07	0.00361888452797999	0.0112610513648168	0.0215474860816336	0.0484322259012794	0.153670899646235	0.379889167242649	0.381580156691928
1.24907318769473e-07	0.00348453947171199	0.011189947059282	0.0213041922893213	0.0481229177949961	0.153502101440731	0.380633444983822	0.381762732052817
1.28961503959376e-07	0.00289982837803053	0.00975993558114954	0.0184383999900958	0.0439309942467694	0.147197176465248	0.388475509952475	0.389298026424728
1.20190675294915e-07	0.00306462183866974	0.0100719785897139	0.0195845897766052	0.0444724729099232	0.14843344074774	0.386934648603931	0.387438127342742
1.33238361029591e-07	0.00311338078217846	0.010405383042967	0.0198281331733407	0.0451127769459263	0.145733454526947	0.38771576953281	0.38809096875747
1.31446532282743e-07	0.00330680041263695	0.0106245603113495	0.0201217037153099	0.0454564454544212	0.145905913726909	0.387177206750673	0.387407238182168
1.30845044400957e-07	0.00320269415180223	0.0109629828901786	0.0200234788347673	0.0447670618012548	0.145472996984807	0.38770616599421	0.387864488497936
1.28346127944918e-07	0.00303500088751347	0.0106433593520882	0.0198004705425743	0.0449854461908217	0.146463852404006	0.38748863976335	0.387583102513518
1.32965568300158e-07	0.00334727521638817	0.0112218950678284	0.0202336364593716	0.0453888604638052	0.14772354969136	0.386008751261843	0.386075898873835
1.31538620396642e-07	0.00308418603244005	0.0107247383367994	0.0198233962482555	0.0450375082376061	0.145886063877785	0.387700481299812	0.387743494428682
1.28730646312807e-07	0.00309339743089675	0.0109301329864815	0.0208619598108071	0.046506649324074	0.150079980350554	0.384251066983962	0.384276684382578
1.31074414352963e-07	0.00305573782181063	0.0108049882727721	0.0195363793104804	0.044849601284739	0.1481867034444	0.386775299393624	0.38679115939776
1.35038892551444e-07	0.00294398289651402	0.0108387616717491	0.0197929205590502	0.0449979298537772	0.148775048701777	0.386320884277881	0.386330337000359
1.37579854787215e-07	0.00302221667011075	0.0109990966506735	0.0198545615839073	0.0451505440045038	0.150293609168101	0.385336684044837	0.385343150298012
1.25306860838837e-07	0.0028999766803932	0.0107766406458616	0.020192072862431	0.0450659859663834	0.15066044860608	0.385200683323374	0.385204066608616
1.39078441214394e-07	0.00301522060552806	0.0108757950245244	0.019589615680371	0.0443468299225041	0.148178065466169	0.386996054483701	0.386998279738761
1.31195648922543e-07	0.00291884079722873	0.0108880580997307	0.0194788803868277	0.0447390282390763	0.149006245437671	0.386483751943664	0.386485063900153
1.35124379964892e-07	0.00289422909446802	0.0108148148748701	0.0192259021545447	0.0438157016961758	0.149002059160426	0.387123106012238	0.387124051882897
1.84524893607559e-07	0.00388738593363046	0.0181882497131099	0.034387505598024	0.0849113440922418	0.327287559719175	0.531337770418925	0
1.95415856667941e-07	0.00429465428199133	0.0176816175430286	0.0320665695840691	0.0773938637857679	0.299188125281887	0.569374974107399	0
1.28672291104074e-07	0.00284442966714666	0.0116259275181264	0.0221701070849408	0.0495958339000276	0.169670113840236	0.37204666532247	0.372046793994761
2.19798190093783e-07	0.00427749257741512	0.0175475885061372	0.0316357732983884	0.0720799590647851	0.251626067010314	0.62283289974477	0
1.33793332650095e-07	0.00266502939305725	0.0107262114785581	0.0196278832797669	0.0441701294611045	0.150773981050048	0.3860182488754	0.386018382668733
1.39299144215708e-07	0.00254262727936931	0.0103717963808689	0.0186118979578049	0.0425681468825896	0.146812940054703	0.389546156423188	0.389546295722332
2.10145841213802e-07	0.00397827092001849	0.016595217080654	0.0299558693733451	0.0692712142226705	0.236969066532173	0.643230151725297	0
2.18694103154072e-07	0.00412653903241418	0.0169286731369504	0.0297961967783297	0.0689726210291438	0.237414318384061	0.642761432944998	0
2.21892588454707e-07	0.00400649257713818	0.0165769296056858	0.0296637106875675	0.0683617781140683	0.236694155460166	0.644696711662785	0
2.25063878755388e-07	0.00402999381299397	0.0168460313248408	0.0294054960149064	0.0682096596066379	0.236971783516457	0.644536810660286	0
2.11036268270993e-07	0.00422346883690737	0.0174079596971376	0.0304972732003777	0.0693902022613802	0.241311531317149	0.63716935365078	0
2.18722946705529e-07	0.00491054887648584	0.0187349327230088	0.0330111981774254	0.0713631732675065	0.239510813006316	0.63246911522631	0
2.08594598067413e-07	0.00437506309986592	0.0181994614921856	0.0322979531863659	0.0724511617467545	0.245058811160979	0.627617340719251	0
2.16061166051865e-07	0.00415053499985632	0.0172537804762377	0.0305676855895196	0.0702773512370258	0.239007294008905	0.63874313762729	0
2.15290026883266e-07	0.00412818626548662	0.0173129780918716	0.0308157532879631	0.0696596716784032	0.239413059105509	0.63867013628074	0
2.24400754614858e-07	0.00389851430992392	0.0169572918239809	0.0300775551448024	0.0695900400173866	0.239348986482772	0.64012738782038	0
2.25689158773e-07	0.00424408463072627	0.0176181984904555	0.0309936664851374	0.0706271653464227	0.238918154503638	0.637598504854461	0
2.2489942497715e-07	0.00424879993666832	0.017657303653806	0.030974498204403	0.0710542745284309	0.241790046491209	0.634274852286058	0
2.23996322876364e-07	0.00411974037034208	0.0174609613608583	0.0308662452997172	0.0704609553129576	0.240213208659967	0.636878664999835	0
2.11773999023722e-07	0.00420816113460038	0.0176611044225823	0.0323273009509711	0.0721996859391594	0.242209311067415	0.631394224711273	0
2.19438137426645e-07	0.00432534512681659	0.0177360874575085	0.031348712874633	0.0707589246039087	0.242315660444059	0.633515050054936	0
2.08782258685812e-07	0.00442346971477629	0.0181064326022683	0.0336905667373534	0.0731447765079873	0.245113294648765	0.625521251006592	0
2.16579038787573e-07	0.00411023699811056	0.0176243358603776	0.0310524528442459	0.0707108903737548	0.241565979071534	0.634935888272938	0
2.22266675557334e-07	0.0050885732702096	0.0195363517147874	0.0337614189504568	0.073967682425374	0.244153941899491	0.623491809473006	0
2.22177144948147e-07	0.00461195317483364	0.0189519326412219	0.0339819943198191	0.0746184163079802	0.244920086213619	0.622915395165381	0
2.15849715067584e-07	0.00439815379421708	0.0180849683769375	0.0322783822409215	0.0722451154828353	0.244214957824045	0.628778206431329	0
2.20571805938278e-07	0.00403028803810422	0.0176097912706943	0.0321282686811637	0.0721653600360503	0.245120124508373	0.628945946893809	0
2.02934308337982e-07	0.00413498946669473	0.0177056125338723	0.0330939182008331	0.0739555529219192	0.249248179121185	0.621861544821187	0
2.14451178688013e-07	0.00383031250254661	0.0169069020254056	0.0301754253531904	0.0701847239562983	0.243899185643094	0.635003236068286	0
2.15169492236577e-07	0.00387541772467299	0.0171210364972644	0.0304815557787102	0.0713323445577933	0.248645131499759	0.628544298772307	0
2.03732003588128e-07	0.00394608517749845	0.0173665234498592	0.0319038205658901	0.0738485729286211	0.251111307146572	0.621823486999555	0
2.16931597996246e-07	0.00368545091835823	0.01675688128722	0.0298903540931088	0.0702563350534563	0.244633329197171	0.634777432519088	0
2.2465821622275e-07	0.00373269626254098	0.016832966166922	0.0310275462425239	0.0716381133562455	0.250973556380001	0.62579489693355	0
2.18747586940682e-07	0.00369902169516693	0.0168090020756959	0.0298966702023568	0.0703085369089522	0.251398508010209	0.627888042360033	0
2.1552481261734e-07	0.00340723176266752	0.0163188922369471	0.0287352766918321	0.0689381976134075	0.250871959510647	0.631728226659687	0
2.21519709383863e-07	0.0035897268905655	0.016396002809756	0.0293531336510369	0.0698704176156017	0.251270027873825	0.629520469639505	0
2.09095836149157e-07	0.00353748335597144	0.0163761767913658	0.0289785919319117	0.0704276595317592	0.251207737549598	0.629472141743558	0
2.16375328106138e-07	0.00340444941242198	0.016168213642075	0.029421418863904	0.0710260669521523	0.252780909810652	0.627198724943467	0
2.15986686580639e-07	0.00357522762296932	0.0166132639584096	0.0308692492194781	0.0720078014391193	0.253240286268754	0.623693955504583	0
2.19696155822574e-07	0.00302433728105356	0.0152840418644207	0.0290638241499242	0.0692141754111229	0.254521731355101	0.628891670242222	0
2.23718401174074e-07	0.00327165789876966	0.0155354532143301	0.0297836307483045	0.0698122219599745	0.256320883777172	0.625275928683048	0
2.18528603208874e-07	0.00270298029309056	0.0144128354960381	0.027748980564066	0.0670305896338772	0.256163599253506	0.631940796230819	0
2.10444663260129e-07	0.00288540677795963	0.0149579857752034	0.0302065956303691	0.0710038189393042	0.257964330892245	0.622981651540255	0
2.17911069620843e-07	0.00225886614768966	0.0136246717169736	0.0263369497854448	0.0655040675280255	0.255909094474908	0.636366132435888	0
2.25291899449522e-07	0.00213238782828972	0.0138541000647489	0.0277012160806148	0.0683391436114201	0.259707039425632	0.628265887697395	0
2.21545965470732e-07	0.00121097024726302	0.0118436257680999	0.0249460757120044	0.0641488558480159	0.25879382400743	0.639056426871222	0
2.17802951926968e-07	0.000533835035172999	0.0108681494982038	0.0235893665114022	0.0634568900439221	0.261415161611968	0.640136379496379	0
2.16160084700168e-07	4.75552186340369e-06	0.0105762806242098	0.0259722826569792	0.067091767089238	0.264284668997305	0.63207002895032	0
1.79051478374341e-07	0.0182421227197347	0.0377238188242549	0.0953535067052988	0.328901451140612	0.519778921558622	0	0
5.1164896787612e-07	0.00211822672700714	0.0307009846684387	0.0396819590015682	0.108573957579184	0.818924360374834	0	0
1.83431882111998e-07	0.0011328753039237	0.0238765943669903	0.030581213090066	0.0966882290844089	0.847720904722729	0	0
2.92078936084951e-07	0.00155327578209977	0.0276394297217189	0.0360331941869282	0.0993252392418565	0.835448568988461	0	0
3.18643953300817e-07	0.00129465038226122	0.0230274425731901	0.0261517465353046	0.0501739955306999	0.117615944178678	0.781735902155913	0
2.68326714607706e-07	0.00103439948481271	0.0204462273263926	0.0232746592250724	0.0454832564130085	0.108409090909091	0.801352098314908	0
2.87293331950495e-07	0.00216274420292332	0.021588370136088	0.025081857052606	0.0483267605407205	0.115989511495037	0.786850469279293	0
1.86106481195429e-07	0.00155882788649291	0.0199039020573699	0.0229999694785371	0.0452601656943223	0.111864139291024	0.798412809485773	0
2.49661521392372e-07	0.00169969563763927	0.0212212293183516	0.0244481044823481	0.0474576592784333	0.114172960009467	0.791000101612239	0
2.2325564780975e-07	0.00143977567272508	0.0204089150445283	0.0235177499402791	0.0465083932960794	0.113533310858931	0.794591631931809	0
2.78937071238854e-07	0.00150068144326504	0.0210667223053145	0.0242903980376219	0.0474020080121884	0.113279134000811	0.792460777263728	0
3.07224381326902e-07	0.00145255687491359	0.0204789628104886	0.0236034347685832	0.0463017865097774	0.111060999400912	0.797101952410943	0
2.60789582186402e-07	0.00137696899394421	0.0199527501434995	0.0229012371596989	0.0450633966434816	0.109895686775021	0.800809699494772	0
2.30490107249352e-07	0.0019017738749144	0.0222697236723251	0.0261733041287001	0.0508979779333381	0.123192583012741	0.775564406887874	0
1.82397576009174e-07	0.00164613812348279	0.0179749163205521	0.0210419315611463	0.0400059899363961	0.0921485321828667	0.249818104017325	0.577364205460655
1.84865504799293e-07	0.00123619563059287	0.0161785046525102	0.0189466807213748	0.0369004488164726	0.0876713564580361	0.253626044443886	0.585440584411623
1.87715133274929e-07	0.00141067922656109	0.0167265446655958	0.0196203611601621	0.0379062554378728	0.0885125659325941	0.252745662325629	0.583077743536452
1.8715740836399e-07	0.00180363594440377	0.0172594690419188	0.0203172467797696	0.0383464942422895	0.0888816147042838	0.252418635188288	0.580972716941638
1.90839840335756e-07	0.00140591710375351	0.0157042104612294	0.0188328388036937	0.036312050619886	0.0863760201343665	0.251073664941729	0.590295107095502
1.92038247873753e-07	0.00175292512659161	0.0162865717639251	0.0196679812324861	0.0370691429870704	0.087088961334251	0.241837222235878	0.59629700328155
1.95914592992331e-07	0.00177576987088249	0.015888869406271	0.0195869532635943	0.0369353863876582	0.0872456661243098	0.242894912391892	0.595672246640799
2.00553970176421e-07	0.00187658349894077	0.0158040539578424	0.0197463433496003	0.0371895249056945	0.0892260602235495	0.244968852965662	0.591188380544741
1.89498737938405e-07	0.00187774299423166	0.015339733337376	0.0194416230187907	0.0366331380233008	0.0878129571657053	0.24480204961835	0.594092566343508
1.90962435397408e-07	0.00188766367390338	0.0148973615102226	0.0191590701809866	0.0360686028729916	0.0871254653754551	0.249338888048654	0.591522757375351
1.99601754579263e-07	0.00232176760926599	0.0152403923691451	0.0201062839422784	0.0367047666495808	0.0881345539379829	0.250037325528106	0.587454710361886
1.96166552465039e-07	0.00245600523686228	0.0149904594397209	0.0200186005125047	0.0364754049319018	0.0875193150491721	0.249747876938444	0.588792141724842
1.87602337074874e-07	0.00283448371086428	0.015018317492192	0.0205769747397205	0.0368488510482468	0.0878956345686572	0.247778413124359	0.589047137713623
1.9264756707314e-07	0.00293845334056661	0.0150918177569427	0.0209340478760028	0.0372659380221953	0.0894557051228456	0.250355145789899	0.583958699443981
1.90760550870688e-07	0.00333163302095657	0.0151820599621455	0.021430231045364	0.0377585711576914	0.090788287454785	0.251404474555785	0.580104552042721
1.91612030093053e-07	0.00344652558528374	0.014733432217915	0.0215722571839661	0.037118890857596	0.0897961037226577	0.255181428808754	0.578151170011797
1.86373454008902e-07	0.00364639662768417	0.0143973493221877	0.0212202950999996	0.0368568415178925	0.0887262511296561	0.247716412661392	0.587436267267733
1.96437951340748e-07	0.00402894238199874	0.0140840117972776	0.0212547827730203	0.0369089231153645	0.0902007713725473	0.252576971264664	0.580945400857177
1.98565601805676e-07	0.00465040639428894	0.0148161709443323	0.0226060980687708	0.0383956375931546	0.0921437718211186	0.251911442124382	0.575476274488351
1.90195172580247e-07	0.00488763554496718	0.0147037985970063	0.0224038501589176	0.0382332237872538	0.0905279570737103	0.251826206498322	0.57741713814465
1.81265355441423e-07	0.00453979082703043	0.0139209980325458	0.0215928729362486	0.0376199931336683	0.0914501844737522	0.255354125436351	0.575521853895048
1.9488200868784e-07	0.00488413290173464	0.013701569384816	0.0216759462983137	0.0374789283828106	0.0917985855463809	0.25687572958952	0.573584913014415
1.74537675877253e-07	0.00495058663858239	0.0137071418373442	0.0220683692002439	0.037975383904345	0.0916118589274799	0.256970772968024	0.572715711986305
1.85529961697339e-07	0.00477312932458745	0.0131026824849512	0.0215138688284618	0.0374325250720552	0.0913961407912667	0.254482543022079	0.577298924946637
1.71313634663738e-07	0.00480620402049117	0.0132512809548748	0.0220180848951569	0.038137498721572	0.0927546838432569	0.258613863692936	0.570418212558077
1.77875111038538e-07	0.00481276687936972	0.0131115301848727	0.0228389863822372	0.0402632765093504	0.0962352376998471	0.261735755138545	0.561002269330667
1.79901640577031e-07	0.00467060639266088	0.0129613734986533	0.0225798147121043	0.0395098184018869	0.0945876051727478	0.265078590931194	0.560612010989112
1.74928449890783e-07	0.00479146517095845	0.0129422562936195	0.0227295030650088	0.0396793701456262	0.095391982294442	0.270203055195349	0.554262192906546
1.70392178044832e-07	0.00472684941114167	0.0132641790998999	0.023294485052687	0.040576341318706	0.0988548964066675	0.274861667110254	0.544421411208466
1.6718605802025e-07	0.00457621678013027	0.0128910481897094	0.0236173713001725	0.0413613291960357	0.0991540385464175	0.276783373680902	0.541616455120575
1.62802071102828e-07	0.00466102329567396	0.0130090250956137	0.0238513174269198	0.0417432650411205	0.100500648929055	0.278769405192865	0.53746515221668
1.69930493330313e-07	0.00469908793206315	0.0130520213317147	0.0243379550462474	0.0420695223032923	0.102115141843532	0.278311482254413	0.535414619358244
1.75462145358105e-07	0.00454306586761206	0.0126588919390058	0.0242829081446896	0.042742403147089	0.104172753009834	0.287262413288801	0.524337389140823
1.66623455650501e-07	0.00454665423433523	0.0124112813410389	0.0242345485070872	0.0434270712461902	0.105506138741353	0.293810638441098	0.516063500865442
1.70049084668289e-07	0.00450919157814903	0.0127193314350187	0.0254759036195798	0.0445344948819477	0.106989782600748	0.292433921051311	0.513337204784161
1.62366076401033e-07	0.00457190397930027	0.0126564356554605	0.0248009310720285	0.044878632981551	0.110091019175109	0.289568206903741	0.513432707866734
1.66760358194579e-07	0.00455639326695048	0.0126407686718655	0.025446129817269	0.0461901178145255	0.110576792394527	0.296905978342165	0.503683652932339
1.61167861001101e-07	0.00469707614101608	0.013176761979728	0.0268408955711233	0.0471119444563977	0.114633058654948	0.294762318502828	0.498777783526098
1.64877906261634e-07	0.00453546144544503	0.0126899929333329	0.0258775873877635	0.0466475869953541	0.113698979768492	0.295344474463215	0.501205752128491
1.49809210479993e-07	0.00434791271576084	0.0125490681342776	0.0261012587419292	0.0472297505511855	0.118587922351489	0.307065137194526	0.484118800501621
1.5527880386874e-07	0.00487544388387071	0.0134122066841624	0.0282890030464149	0.0502160782195235	0.122058456569062	0.303814315121873	0.47733434119629
1.6284560315243e-07	0.00455202314491988	0.0131313809014025	0.0260803747272743	0.0511563177743045	0.122843069274845	0.306444158777069	0.475792512554582
1.50270772905699e-07	0.00458205640744057	0.0131613153741727	0.0265541980093931	0.0532690354750224	0.128008007628947	0.311531899329402	0.46289333750485
1.44366890550841e-07	0.0044825919516036	0.0128714632277318	0.0257491342317574	0.0523989734936614	0.128773533968663	0.319220892314426	0.456503266445266
1.57915540136682e-07	0.00438010333677116	0.012625663265008	0.0248592222438567	0.0504260640230658	0.124574516316544	0.318989548991638	0.464144723907576
1.45464743855496e-07	0.00430852024825595	0.0127156551193844	0.0243743634099147	0.050485575861464	0.124713616285534	0.318472364171568	0.464929759439135
1.52558117396217e-07	0.00459276212421312	0.0131883441326682	0.0256120669809466	0.0544182432658177	0.132691236558295	0.322729374562063	0.446767819817879
1.53774684104511e-07	0.00391587233072137	0.0116530455614398	0.0227428144550048	0.0482394259529533	0.124303765895881	0.330515309730662	0.458629612298653
1.60352287561682e-07	0.00407294810406671	0.0123322133795062	0.0242768552799759	0.0519714592170415	0.129529210494288	0.328526720062909	0.449290433109925
1.47332819240016e-07	0.00377731881967553	0.0119232030626368	0.0229803838137807	0.0501248350977421	0.129916901343292	0.339770991759086	0.441506218770967
1.49371935821452e-07	0.00382810397123216	0.011840265236759	0.0230993242712367	0.0511176157610097	0.132762523417785	0.338671139459913	0.438680878510128
1.42371189310543e-07	0.00409103612483846	0.0125477423986954	0.0250157569313769	0.0537314563305563	0.136535394260704	0.337836723879478	0.430241747703161
1.50031116453552e-07	0.00385609975508921	0.0122918993399231	0.0238827032726587	0.0520097868297885	0.134524500381379	0.341550487571122	0.431884372818923
1.41661017933577e-07	0.00384793823012974	0.0122791770344824	0.0237462114531516	0.0525124643988154	0.136302264947185	0.342569631702603	0.428742170572615
1.4323237074496e-07	0.00365371454533319	0.0117258612634069	0.0224797476589385	0.0507223065224298	0.136807109825712	0.35305117893132	0.421559938020489
1.42655529834764e-07	0.00374756076875924	0.0121462624322511	0.0234529970714246	0.0522612827328463	0.139329088190076	0.353599548523779	0.415463117625333
1.4277245839325e-07	0.00370180430122019	0.0124003591012874	0.0234712210700168	0.0524807285735661	0.140456403573195	0.354145798092332	0.413343542515925
1.4366420732699e-07	0.00354893691359862	0.0118755707060636	0.0225084460187488	0.0511598298785923	0.142369792818973	0.361054299898458	0.407482980101358
1.41500616871939e-07	0.00365609293873717	0.0120193453983363	0.0226044405440586	0.0518168183954198	0.143659350282938	0.359387228748624	0.40685658219127
1.29953958612003e-07	0.00365794402701067	0.0120636259779523	0.0233017844108011	0.0529471413572885	0.146175851357623	0.356942458856252	0.404911064059114
1.31794292305507e-07	0.00360048827149413	0.0121863592380287	0.0231690412044311	0.0525822323897126	0.147924463946485	0.3613439696599	0.399193313495656
1.3799093206389e-07	0.00377694980152074	0.0125077740641351	0.0239051350979522	0.0536002317143731	0.148324245020563	0.363124241653584	0.39476128465694
1.28221287375063e-07	0.00366738526150155	0.0124361826625073	0.0243258861982222	0.054325949026653	0.152172895635437	0.363859573584722	0.389211999409669
1.30475638502108e-07	0.00362409133503456	0.0123709171889389	0.0231231536066206	0.0536740243618893	0.152274594853571	0.360206182822987	0.39472690535532
1.30523033203885e-07	0.00362318887870664	0.0124640360097386	0.0230306586857923	0.0538765145077004	0.156050597514868	0.368296973314435	0.382657900565726
1.34747590140411e-07	0.00379597436184552	0.0129749802022103	0.0235804240318015	0.0539494316548769	0.15435215177753	0.369392057950088	0.381954845274058
1.22686515709088e-07	0.00357533044079425	0.0124290028469406	0.0231195377662834	0.0534298549047922	0.154596419639412	0.373054605927844	0.379795125787417
1.24972584139354e-07	0.00357146650953447	0.0125272518341289	0.022946341146411	0.0536013662002898	0.156951068859269	0.372627504841126	0.377774875636657
1.23774248148801e-07	0.00381645516742014	0.0135629345636494	0.0245540877992629	0.0549073704470416	0.158403683521625	0.3704638749385	0.374291469788253
1.26835644722705e-07	0.00392607054674661	0.0135435101434904	0.0243703276126652	0.054790969149893	0.156831386850112	0.371836322659226	0.374701286202222
1.17617986424767e-07	0.00390962186875926	0.013746131691449	0.026487688160844	0.0589263759628355	0.162732482241742	0.366164081090074	0.368033501366309
1.28453966594261e-07	0.00374623148175504	0.0135780980848798	0.0242275741853771	0.0550990444309425	0.160608306604204	0.370682437388325	0.37205817937055
1.26269370194898e-07	0.00298450283392661	0.0113819210293681	0.0212614890921573	0.0500315862829543	0.155860218291962	0.378773765316001	0.379706390884261
1.25709725683779e-07	0.00307020863037494	0.011641097727495	0.0206625304814657	0.0483748623792778	0.152658245288337	0.381467168265233	0.382125761518091
1.19750167620297e-07	0.0029563921382099	0.0114927828370228	0.0205997830845464	0.0483354786575863	0.151370438880772	0.382419525791731	0.382825478859964
1.21304989371257e-07	0.00298386012855418	0.0115154826410134	0.0204831965902623	0.0477394572620688	0.149436708151356	0.383777568378409	0.384063605543347
1.2376859530318e-07	0.0031216915107368	0.0121157077942283	0.0213294133343829	0.0495195674436116	0.151064026236962	0.381332156046455	0.381517313865028
1.31267842581503e-07	0.00301850404016166	0.0122201172694398	0.0211707463837022	0.0502477549260883	0.154474947007172	0.379368921970719	0.379498877134875
1.13968244344269e-07	0.00295941340088763	0.0117503539283828	0.0205112068393711	0.0492136533044978	0.152604276954686	0.381445445566829	0.381515536037101
1.24154029959112e-07	0.002981807337528	0.0122060793014002	0.0210583857915148	0.0498555405784411	0.154543832642354	0.379654456986898	0.379699773207833
1.27752279132598e-07	0.002999240257196	0.012400658230843	0.0208128903071663	0.0496053157212338	0.156520814870467	0.378816679184261	0.378844273676553
1.21351506287707e-07	0.00296170486245778	0.0123448460316359	0.0208392087687628	0.0504470346788627	0.158631538479835	0.377379035605017	0.377396510221923
1.17617820417113e-07	0.00286975720035713	0.0123669257277573	0.0206034664559269	0.0495977882204106	0.157364410470668	0.378593533160521	0.378604001146539
1.22236970791843e-07	0.00298710485524026	0.0125950529964499	0.0206064640621472	0.0496967850821023	0.155046229411169	0.379530759161264	0.379537482194657
1.24544618171732e-07	0.00286290713791361	0.0125814973277084	0.0205554665061536	0.0497870847480045	0.159884776301052	0.377161207191057	0.377166936243493
1.14146520756974e-07	0.00280617806628945	0.0122245216404681	0.0202441137492909	0.0488048288544141	0.158903371545784	0.378507237460149	0.378509634537084
1.25126565521025e-07	0.00286840138800397	0.012429697639162	0.0204339189089764	0.0490717610863388	0.156624926112763	0.379284771546419	0.379286398191771
1.20958621265251e-07	0.00294256037951977	0.012812662916143	0.0218800840420501	0.0514790215415209	0.16110212657352	0.374891409397759	0.374892014190865
1.14049573015506e-07	0.00240062946240339	0.0127435571400336	0.020947256976612	0.0593106820997028	0.218458079425719	0.343069783398191	0.343069897447764
1.20666867858558e-07	0.00268387247491004	0.0126778644715594	0.0210476804268325	0.0529089222168096	0.193728001675821	0.358476648366732	0.358476889700467
1.90901446173905e-07	0.0042607293771554	0.0201492658407634	0.032859484127022	0.0794245466806534	0.273915321845521	0.589390461227439	0
1.26602823394885e-07	0.00271727639852442	0.0128948773712392	0.0213729620427011	0.0496881899062607	0.163889380529853	0.374718530272887	0.374718656875711
1.98498714522325e-07	0.00412043631605442	0.0195273110411337	0.0321436908374581	0.075776685770183	0.256531798700072	0.611899878836385	0
1.87642150656757e-07	0.00394329979605175	0.0192680342401891	0.0319177421845637	0.0750071350927787	0.255673876441021	0.614189724603245	0
2.09805292296537e-07	0.0044109464652424	0.0212192876522872	0.0333418374411811	0.0776350915296568	0.250505420949142	0.612887206157198	0
2.10146945251467e-07	0.00479576343758373	0.021946696227337	0.0357754159596098	0.078891895157689	0.248164208823019	0.610425810247816	0
2.08870304073389e-07	0.00451034534616076	0.0222868791852387	0.0352334961129236	0.0792489441606129	0.252228437274159	0.606491689050601	0
2.11707330705057e-07	0.00429638856932844	0.0204955983928873	0.0335905436263179	0.0781803416194171	0.250405101977304	0.613031814107414	0
2.286908182466e-07	0.00430396119940101	0.021051447201236	0.0336758664409031	0.0783961272582075	0.251473683632781	0.611098685576653	0
2.20704657000686e-07	0.00446838648563588	0.0212759289348661	0.0342120909956473	0.0786474424082233	0.251179997448654	0.610215933022316	0
2.03446837001853e-07	0.00439994474383907	0.0211383298113295	0.0333396469668416	0.0781256198770815	0.252881570137585	0.610114685016486	0
2.12520789846267e-07	0.00437814079162294	0.0216694698158847	0.0344946744415272	0.0794234821021366	0.253185155337821	0.606848864990218	0
2.14165231045735e-07	0.00433556093728985	0.0216002768728107	0.0337832802060784	0.0788025250937401	0.253903589666271	0.607574553058579	0
2.12953537797123e-07	0.00419688832290571	0.021127759345466	0.0330105667545455	0.0773153373396992	0.249540446265434	0.614808789018412	0
2.17506346291419e-07	0.00447280050513674	0.0225158219553951	0.0343340292811393	0.07992575203363	0.253424909305291	0.605326469413061	0
2.00940199192019e-07	0.00559357232490825	0.0282560098701826	0.0426007288101025	0.0858070913805697	0.249193978625991	0.588548418048047	0
2.02900215094518e-07	0.00436641262883403	0.0222236605593026	0.0374519304027914	0.0825949963589556	0.253766690318068	0.599596106831833	0
2.1407005399703e-07	0.00566514990897741	0.0254931745903984	0.0388609931822969	0.0832835263674367	0.248432793134688	0.598264148746149	0
2.03969823888375e-07	0.00497890340111523	0.0227664998329487	0.0363686354785928	0.0811481706150465	0.252058973387241	0.602678613315232	0
2.17074894094586e-07	0.00483599449063919	0.0224051681190786	0.0347660638135066	0.0799703909844455	0.254251574607013	0.603770590910423	0
2.13768668952281e-07	0.00431876841884294	0.0215378347029492	0.0332521439928653	0.0786544715916403	0.255651722954095	0.606584844570939	0
2.03315795990491e-07	0.00477527810042865	0.0240046827694133	0.0358514875701872	0.0842050667516256	0.25946877242192	0.591694509070629	0
2.19140810242466e-07	0.00439771777994581	0.0214111528647402	0.0335631682151156	0.0783101876809555	0.253916484560653	0.608401069757779	0
2.17984506533214e-07	0.0046820892158269	0.0230669024968381	0.0361287521128148	0.0822283335389654	0.254221160976762	0.599672543674286	0
2.02190859274758e-07	0.00425915045062277	0.0216801170765952	0.0347527670830046	0.0791468030996667	0.256926755552464	0.603234204546787	0
2.20982412672723e-07	0.00441456565796298	0.0217238970602047	0.0344606603794224	0.0797660326607586	0.255146293671926	0.604488329587313	0
2.1617143951588e-07	0.00447669434093435	0.0222269635824623	0.0346643873550084	0.081208476168612	0.257776443279425	0.599646819102119	0
1.99624625853545e-07	0.00416896068632543	0.0215929965293263	0.0347354833970202	0.0791331979346038	0.260456637339147	0.599912524488951	0
2.13161258197116e-07	0.00430969431822929	0.0213159126584534	0.0337361796898248	0.0786999891714081	0.257802341533789	0.604135669467037	0
2.05835010888672e-07	0.00442380605401934	0.0227634996891891	0.0354946009476644	0.0819064850378531	0.263594784964164	0.591816617472099	0
2.08576759793409e-07	0.0041836326479362	0.0213367767965864	0.0337808834393807	0.0790466290032659	0.25681534991463	0.604836519621441	0
2.04988560613375e-07	0.00407004787097856	0.0211306308051479	0.0333657830224784	0.079212909523584	0.260296114175348	0.601924309613902	0
2.17986644830218e-07	0.00404583212804884	0.0210282996801918	0.0343195993754247	0.0801887851538888	0.262748022479655	0.597669243196146	0
2.00865327832302e-07	0.00388373111363755	0.0203679451075232	0.0325944167473476	0.0787888222462368	0.261969364020199	0.602395519899728	0
2.0750258807603e-07	0.00372882150772625	0.0199555238952718	0.0324994703496439	0.0776887614730775	0.261492478964944	0.604634736306749	0
2.11214296335347e-07	0.00375623504602782	0.0202134193735891	0.0317945104559525	0.0789726029711938	0.264020827419333	0.601242193519607	0
2.1046791648128e-07	0.0037989458924871	0.0203147842346061	0.032665672977477	0.078838545430973	0.261321174461486	0.603060666535054	0
2.22659922149185e-07	0.00358927794504486	0.0195225993141184	0.0321705735318807	0.0775989868082902	0.261344634363462	0.605773705377282	0
2.15527785518817e-07	0.00360319351830359	0.019310858526915	0.0315612423280191	0.0772619694972146	0.260117466953663	0.608145053648099	0
2.17773876237799e-07	0.00326312376154719	0.0190221125416193	0.032021470762006	0.0780353486200432	0.261586277980949	0.606071448559959	0
2.32552893574261e-07	0.00330457661769025	0.0192516587416516	0.0325334521523584	0.079048216819295	0.264957743976473	0.600904119139638	0
2.31379074816887e-07	0.00293064736163069	0.0195052560070635	0.0335853668468955	0.0801795594172209	0.267128067392395	0.59667087159572	0
2.12989142878442e-07	0.00251604074482303	0.0183856487915529	0.0322821254186568	0.0787246210124439	0.267217669579293	0.600873681464087	0
2.30752261602916e-07	0.00160257445683225	0.0164334838145749	0.0301108626165645	0.0764173034659913	0.266887604265409	0.608547940628366	0
2.29688212033457e-07	0.000818149411263175	0.0166643391594514	0.0317008779602217	0.0804503634586267	0.272809647272407	0.597556393049818	0
2.35030330664172e-07	5.40569760527596e-06	0.0143138171981094	0.0285810983907473	0.0758955243174132	0.269869581669514	0.61133433769628	0
1.87045281230997e-07	0.0262968831335472	0.0459542199192376	0.111784806648487	0.318638744297691	0.497325158955756	0	0
2.35430168586835e-07	0.00153100238632019	0.0287151822323677	0.0364297579966211	0.11059426341434	0.822729558540182	0	0
3.42616762936267e-07	0.00188233649557185	0.0281171872671277	0.0376230893547944	0.102249861497174	0.83012718276857	0	0
2.79284907750799e-07	0.00161650104606162	0.0233775432032806	0.0314072635860238	0.0885768842026123	0.855021528677114	0	0
2.42008632931954e-07	0.00133443560198679	0.0205787200841028	0.0243724474139442	0.0467860769529371	0.109006254471109	0.797921823467287	0
2.46275271229113e-07	0.00123433165940031	0.0219941056476584	0.0262056590609475	0.0491321628854793	0.109706274872263	0.79172721959898	0
2.84983831442323e-07	0.00469767347749525	0.0221167402067444	0.0281917405416004	0.0513612110216927	0.11660569437593	0.777026655392706	0
2.97332422703233e-07	0.00532225036638788	0.0245899860224028	0.0306291048599282	0.0531823637868138	0.114736121934837	0.771539875697207	0
2.74070442133178e-07	0.00381204577963037	0.0205048541986358	0.0258374427912211	0.0473999348260489	0.108631382655233	0.793814065678789	0
2.70245802069272e-07	0.00519601603638589	0.0248182934788337	0.0308363972451143	0.0534919135699876	0.114052916830503	0.771604192593373	0
2.76342332881974e-07	0.00380772100478072	0.0213474452151325	0.0266692458617736	0.0485196341227513	0.110155580733413	0.789500096719816	0
2.41434915303425e-07	0.0030739493416432	0.0203365457858381	0.0254701763899348	0.0473325908404905	0.108061197956591	0.795725298250587	0
2.54726124838727e-07	0.00337257389286474	0.0200326813618168	0.0254303279471494	0.0462860294183202	0.106283711410584	0.79859442124314	0
2.76626014629643e-07	0.00571177395007288	0.0267868035006469	0.0336064646393115	0.057706123033846	0.119670350310886	0.756518207939222	0
2.00282759199438e-07	0.00408196291524374	0.0195564097392699	0.0244759551534857	0.0427215142337953	0.0898374324871854	0.233452388081493	0.585874137106767
1.98638018561928e-07	0.00304253853031306	0.0165952132607563	0.021290221467486	0.0389751628980731	0.0862571690943874	0.231708467720229	0.602131028390736
1.95257926934874e-07	0.00401626029912343	0.0194199628970887	0.0245015504455688	0.0428302167890185	0.0898278235126081	0.236477070568753	0.582926920229912
2.00354707974999e-07	0.00337958321412228	0.0164028395872052	0.0212041398091181	0.038570485186975	0.0858644143591815	0.235816489513034	0.598761847975656
2.06534717143476e-07	0.00298339398913751	0.0160572481190367	0.0209812423104543	0.038745706401399	0.0861307600209096	0.232540536052597	0.602560906571749
2.03669969922019e-07	0.00323570481215111	0.015636761940763	0.020721790079806	0.0374954377926737	0.0842193655924841	0.229955005230245	0.608735730881907
2.00807527390649e-07	0.00325368436631068	0.0163479416124001	0.0215809857762004	0.038794809446709	0.0858177073282498	0.230373022070956	0.603831648591646
2.07606106442972e-07	0.00369829518017511	0.0172157363767835	0.0230264236900158	0.0404771701792928	0.0878165526009516	0.232907270241284	0.594858344125391
2.00469901448996e-07	0.00336127883759532	0.0153748386217293	0.021169621593014	0.0383516963763061	0.0875740736285854	0.236948607536065	0.597219682936804
2.03167957324977e-07	0.00349814588922145	0.0149320321915565	0.0210130523222504	0.0377733929617744	0.0871535681575673	0.237409681684571	0.598219923625101
1.94737757372723e-07	0.00415180898718645	0.0160407438125485	0.0224487844566554	0.0390404413848114	0.0870508933497251	0.237706838274771	0.593560294996544
2.13283237366541e-07	0.00364693007573048	0.0145719373433568	0.0209518788227021	0.0370795040994105	0.0855338298140533	0.23804755405717	0.60016815250434
1.92219308391084e-07	0.00458923598783713	0.016406879067721	0.0232256668135863	0.0398780099381227	0.0880349054886494	0.237729728503682	0.590135381981093
2.09721822876918e-07	0.00432446398772205	0.0150246811127253	0.0222705700931228	0.0384904558744236	0.0874802153675344	0.239818372512516	0.592591031330133
1.95695328987331e-07	0.0050111702893786	0.0160166842009681	0.0236797218934541	0.0398639212960354	0.0888953859738113	0.239968070350122	0.586564850300901
2.01525101664376e-07	0.00477110678190409	0.0150972529911867	0.0227001905016786	0.0387252650609281	0.0888504020728066	0.245340487743143	0.584515093323252
2.04837818632908e-07	0.00452937384561087	0.0138009480303922	0.0214766307702045	0.0371067805209886	0.0868403786959656	0.246134761571852	0.590110921727168
2.07995427428523e-07	0.00461916245233265	0.013762849437518	0.0218407678525595	0.0376920993768873	0.0882299963517602	0.247910165942912	0.585944750590603
1.98804508965785e-07	0.00489834429640798	0.0135397798876238	0.0216895719281672	0.0377323005836702	0.0882167175904416	0.251245559949798	0.582677526959382
2.03556249818072e-07	0.00529470161401786	0.0143969228808827	0.0229973779919461	0.0395076218584401	0.0913941099370665	0.250822011025828	0.575587051135569
1.96109655105872e-07	0.0052035735885792	0.0136278560429621	0.0224047436572254	0.0390120936902111	0.0911156835166697	0.252108767121353	0.576527086273344
2.08271806370535e-07	0.00547109208154758	0.0136499259177185	0.0224250419355282	0.0387283506664073	0.0911399507395524	0.254678097178792	0.573907333208648
1.96783456336112e-07	0.00599185946197829	0.014348072151835	0.0238208341729427	0.0404677306616962	0.0931651595677691	0.256615269451651	0.565590877748671
1.95602006250658e-07	0.00521533629266129	0.0130036213755437	0.022072317191343	0.038576040866736	0.0924450289901733	0.260874786940515	0.567812672741022
1.95829689269199e-07	0.00494391633529019	0.0126363023594736	0.0223214513016604	0.039125401108161	0.0935554799217778	0.260148971561221	0.567268281582727
1.99967365325979e-07	0.00504577652927042	0.012723923455692	0.0226311066034023	0.0394689586659457	0.0948403220594399	0.268067651359298	0.557222061359586
1.91697688145051e-07	0.0046206810750483	0.0120775294462026	0.0224949569130691	0.0392479929731295	0.0938268168579714	0.271736648783189	0.555995182253702
1.7713257434387e-07	0.00508352775109472	0.0128589392344932	0.023344479105353	0.0408864493403494	0.0992842249803339	0.274651850353441	0.54389035210236
1.85237360375024e-07	0.00486637069441226	0.0124838866651144	0.0235055096074283	0.0412629186850593	0.0995887915837035	0.283776226600122	0.5345161109268
1.82453052092901e-07	0.00476968768781261	0.0125655416976381	0.0238440595658128	0.0418906734013737	0.102605028187172	0.290159650069642	0.524165176937496
1.9524549876146e-07	0.00508926917071622	0.0132755224427867	0.0250158295288121	0.043175222877618	0.103681802943794	0.287616729962003	0.52214542782877
1.81416821838522e-07	0.00477579783489908	0.0119573641441988	0.0241761499286669	0.0428221708772302	0.103379287423751	0.285979128357481	0.526909920016952
1.84161045150763e-07	0.00453754399146966	0.0115286655874829	0.0240998668515644	0.0428890816441161	0.104944908223343	0.291318095848458	0.520681653692521
1.78300793438531e-07	0.00472158331104573	0.0119552465008469	0.0246097887135598	0.0437587590264777	0.107310510831773	0.30017526967995	0.507468663635553
1.72891629797527e-07	0.00441582511665863	0.0114111933498964	0.0241230504307595	0.0433702111179691	0.108800529739954	0.303642999531464	0.504236017821669
1.79158845636559e-07	0.00455117215570552	0.0117121512157988	0.0249905090601524	0.045356032520197	0.112276161177747	0.304843254821747	0.496270539889807
1.79030802428589e-07	0.00456546449273144	0.0118097668822018	0.0254166449591819	0.0455753342818385	0.113453788837823	0.305491895186059	0.493686926329362
1.7548194360993e-07	0.00453304956733172	0.0117258789539592	0.0256424744919447	0.0463267066671908	0.116454555792027	0.311630486969413	0.48368667207619
1.68415975333123e-07	0.00436753148831387	0.0115831455354862	0.0255608294082587	0.0461338512910516	0.11600509222543	0.311250237677045	0.485099143958439
1.65371805430149e-07	0.00435771244488985	0.0114607622317256	0.0257235843346596	0.0467840144997999	0.11731393191312	0.312155654558143	0.482204174645856
1.67323663029552e-07	0.00459403849213939	0.0120447938831823	0.0263588312843714	0.0475609145978351	0.119372215002206	0.318154065270618	0.471914974145984
1.54735526038894e-07	0.00418281073988339	0.0113351509599792	0.0248856504462573	0.0473085302600795	0.120423232610822	0.327116781996212	0.464747688251241
1.60210991467323e-07	0.00462929659844829	0.0120129405622028	0.0262108386260369	0.0491492075403624	0.123257204808445	0.322538850764903	0.46220150088861
1.68829655942044e-07	0.00430583154514589	0.0116858822953405	0.0259541830079704	0.0497417750412366	0.128242500164609	0.327918516054856	0.452151143061186
1.47741454227998e-07	0.00395533421259197	0.0109826564829467	0.0250344939360259	0.0486948446062771	0.127318562044245	0.341507326277103	0.442506634699356
1.5061066600639e-07	0.003912865102846	0.010771223000779	0.0223843596245336	0.0475155565756918	0.127075942114899	0.34324893714053	0.445090965830055
1.51239437437689e-07	0.00418676134658755	0.0113157347090879	0.0237905684666983	0.0499144589741852	0.12932060824872	0.333927754735609	0.447543962279674
1.45621220856279e-07	0.00370008960073719	0.0104069661697148	0.0229531080738084	0.0490516345181124	0.131100163954933	0.347063715545837	0.435724176515637
1.45679135003914e-07	0.00386778103435391	0.0108082263842104	0.0233602320144176	0.0483992703806202	0.127704369252321	0.34189509033636	0.443964884918582
1.5665002051332e-07	0.00382727330118144	0.0109346413818913	0.0237960780160964	0.0496032289955428	0.130847569034489	0.34493707916951	0.436053973451268
1.5489637509954e-07	0.00376522108591963	0.0107941087951866	0.0234544091175724	0.049518822155572	0.132065114098993	0.349725655285242	0.430676514565139
1.52360057287382e-07	0.00383855928329829	0.0107750556114209	0.0234308437699973	0.0491656763262943	0.13184675625438	0.353064265472164	0.427878690922388
1.48792961735807e-07	0.00380537999639326	0.0112591634145485	0.0247124278428532	0.0512642342786845	0.139751855001854	0.34849885756764	0.420707933105065
1.56426713302684e-07	0.00388485742487216	0.010981468127275	0.023756212095852	0.0500706266610562	0.135355878594099	0.353899796175993	0.422051004494139
1.44339676292295e-07	0.00371443722970591	0.0108414974259906	0.0242705722288731	0.0512449152740534	0.137970832415574	0.354736982798463	0.417220618287664
1.46568315418532e-07	0.00364398145793555	0.0106408596993855	0.0233402713888242	0.0498047929891098	0.138216559669354	0.36205363902012	0.412299749206956
1.50373158511504e-07	0.00369316477304254	0.0107521319530481	0.0235353541581111	0.0501658390378644	0.140454845722402	0.36177045146383	0.409628062518543
1.4859410657942e-07	0.00361009381934701	0.0105968401166048	0.023522149883309	0.0501597238051622	0.14322436134996	0.367206350555489	0.401680331876021
1.51868406633126e-07	0.00362525073473935	0.010850542048717	0.0242020530178682	0.0510019669996027	0.142609293617518	0.368742717909902	0.398968023803247
1.40277007812868e-07	0.00372982536073635	0.0111880733121309	0.0258975203513883	0.0543825903888928	0.148120035596694	0.362134073397419	0.394547741315731
1.44480505173197e-07	0.00378972365069295	0.0111088170817568	0.0246483741825474	0.0518851166152725	0.145302165806117	0.366384356575575	0.396881301607533
1.35325761586321e-07	0.00387911295587189	0.0114611447260303	0.0261569811312584	0.0548415768374261	0.150257335468233	0.359849063058557	0.393554650496862
1.413934379871e-07	0.0037640347126546	0.0112303152055634	0.0250847512267295	0.052569514669852	0.150256544253884	0.370090537046212	0.387004161491667
1.37378941676595e-07	0.00375071986565439	0.0113076606894005	0.0264010728745829	0.0555549449824814	0.155456636611818	0.363295726305979	0.384233101291142
1.42190007654088e-07	0.00365897546696265	0.011153668580402	0.0259936131092362	0.0543404708451475	0.157361539280772	0.367496899902358	0.379994690625114
1.32552879651662e-07	0.00373202632659253	0.0113117976437135	0.0259258851781888	0.0543769027137418	0.15758840713723	0.369999094663832	0.377065753783821
1.31563090553823e-07	0.00375007433314616	0.0114228337742451	0.0258412275573102	0.053772597934249	0.155157088961383	0.373275799916747	0.376780245959829
1.31397704981405e-07	0.00391013290483666	0.0116686417931687	0.0263687600379634	0.0542183722110673	0.155688016121973	0.372848740349331	0.375297205183955
1.36545427981162e-07	0.00386095852159534	0.011539863754972	0.0257598411703582	0.0535757833952567	0.159440136436192	0.3720225245338	0.373800755642398
1.40626604022202e-07	0.00405229622150378	0.0120758877405945	0.0263624256964181	0.0542773691012413	0.159079345748787	0.3714460493065	0.372706485558351
1.36511223611527e-07	0.00384128932120477	0.0118494472319278	0.0263866639455429	0.0550171628735886	0.163131185238222	0.369483052472867	0.370291062405423
1.31664962702608e-07	0.00392282589876149	0.0121745324412593	0.0278488512561167	0.057270440491716	0.168276643886434	0.364991208072116	0.365515366288635
1.3539762355507e-07	0.00303818727495222	0.0103860809076623	0.0243436803294603	0.051766302618563	0.159137701278722	0.37549416747657	0.375833744716446
1.43328776433768e-07	0.00332322101039334	0.0106509047055697	0.0244667954523499	0.0507005480605753	0.155210445342574	0.377712174604262	0.377935767495499
1.41486582544404e-07	0.00327145276159171	0.0106113522042478	0.0237458346350099	0.049208043002866	0.150282944867772	0.381366188781585	0.381514042260344
1.46998856642893e-07	0.00357854016611459	0.011319646955786	0.0246143705494259	0.0503366714813692	0.151968740987133	0.379049340754228	0.379132542107087
1.33375568930161e-07	0.0036760974308531	0.0118012037145096	0.0261634851036161	0.0528136576582584	0.154557476534236	0.375469431986796	0.375518514196162
1.39134441854534e-07	0.00318757006288738	0.0108721044209551	0.0235505913005077	0.049271819028388	0.151556225688865	0.380767835678885	0.38079371468507
1.45455836044509e-07	0.00374388776394961	0.0118945055367037	0.0257826287622334	0.0517859140277463	0.154081367121948	0.37634588466894	0.376365666662642
1.35436573021306e-07	0.00321824384813226	0.0109946055612966	0.0242634620567669	0.0501264300409154	0.154317108483341	0.378535470161291	0.378544544411684
1.33744875230743e-07	0.00312936259064893	0.0106055673711723	0.0230918551778392	0.0478905624533732	0.149808570960082	0.382735034550314	0.382738913151695
1.41499335448371e-07	0.003223071862843	0.0110864729323799	0.0239688554302705	0.0492996419642315	0.152719666752085	0.379849730535741	0.379852419023114
1.41163722673703e-07	0.00309868487641046	0.0108859816377053	0.0237522079770773	0.048810745043777	0.152656002500292	0.380397271418172	0.380398965382844
1.35312339443452e-07	0.00310974818508942	0.0109064451838211	0.0245010053030259	0.0498486599139495	0.154320069702092	0.378656426950483	0.378657509449199
1.40693280207551e-07	0.00308906166023698	0.0107485445280163	0.0239855311030635	0.049259109186427	0.153254657651041	0.379831055509127	0.379831899668808
1.45735799649418e-07	0.0032790554921119	0.0113140530699829	0.0249912121312811	0.0504626237224071	0.154877806361426	0.377537333139796	0.377537770347195
1.43197277304248e-07	0.00301115234715373	0.0108931600818115	0.0240889323826752	0.0491337065913564	0.152955312568869	0.379958653218151	0.379958939612706
2.28330103223473e-07	0.00485726628587294	0.0174576630322603	0.0386065105132313	0.0794709774172395	0.248284327604379	0.611323026816914	0
1.77303769939139e-07	0.00456716780986227	0.0194340889192591	0.0479844284737089	0.103744868385639	0.332549177860149	0.491720091247612	0
1.25264574439288e-07	0.00315591568842341	0.0122910853085573	0.0285907622637463	0.0586076617074839	0.200899324485729	0.348227500008455	0.34822762527303
2.21432838755707e-07	0.00484406478061984	0.0181078918220867	0.040994747170199	0.0843645829688918	0.269192359149893	0.582496132675471	0
2.12572109773938e-07	0.00459517129698322	0.0175265704508612	0.0397463079413114	0.081559241933845	0.254688809311339	0.601883686493551	0
2.26853718143783e-07	0.00479659501643215	0.0177905491379899	0.0392059938381993	0.0805657368764557	0.249923153302979	0.607717744974226	0
2.30300604469997e-07	0.00453070379173824	0.0175486757600093	0.039945179244112	0.0804115287561395	0.247886358627325	0.609677323520071	0
2.38686441679235e-07	0.0047520083673919	0.0178341735493891	0.0407695537303469	0.0814620117400313	0.246002419803146	0.609179594123253	0
2.19353661275831e-07	0.00456891741071429	0.0172962555452606	0.0386764375561545	0.0790971754267745	0.245605030042677	0.614755964664757	0
2.40259403272525e-07	0.00469130510829933	0.017785442586652	0.0402915019288025	0.0811793276965274	0.24595547320531	0.610096709215005	0
2.18080390974525e-07	0.0043958464408735	0.0170942314465381	0.0387989004386687	0.0795681572097922	0.246587641602324	0.613555004781413	0
2.12568043030574e-07	0.00452344795569062	0.0173748867012331	0.0399944647281595	0.0807010324004714	0.244790169833364	0.612615785813039	0
2.07585161812634e-07	0.00472733688995911	0.017840699146825	0.0396794885101613	0.0811716106532705	0.249844933884126	0.606735723330496	0
2.27751523088311e-07	0.00465592438649433	0.0180438421681945	0.0401548710357	0.0809631611911405	0.248367363206741	0.607814610260206	0
2.23709542688479e-07	0.00454913355057021	0.0177916199300147	0.0401415455018499	0.0806799517324291	0.248630114615347	0.608207410960246	0
2.23225795794381e-07	0.00454041268645772	0.0179047178548715	0.0395536019826022	0.0804474516431539	0.250537918361416	0.607015674245703	0
2.11580834669466e-07	0.00435454515833229	0.017682021934162	0.0403046679386906	0.0814033987498958	0.251737396023888	0.604517758614196	0
2.16784167298412e-07	0.00472481092626889	0.0180882541352122	0.0409097737792179	0.0820586604949659	0.248046395280349	0.606171888599819	0
2.15692817191925e-07	0.00510329205476096	0.0187887856127714	0.0416517928494811	0.082652624776677	0.248447065639422	0.60335622337407	0
2.16173589121453e-07	0.00462892506385768	0.0181810635394707	0.0415336478514939	0.0831663032068055	0.251149394973359	0.601340449191424	0
2.16955318486068e-07	0.00477865784497414	0.0181079587021212	0.040591255312151	0.0818086436734527	0.250407225132798	0.604306042379184	0
2.17305752018064e-07	0.00473878653425793	0.0184101433109704	0.0419271891001173	0.0832874274932195	0.253278546207135	0.598357690048548	0
2.27517618964413e-07	0.00456332088356922	0.0180701318510105	0.0397860060283068	0.0808340522890093	0.252226259901567	0.604520001528918	0
2.0789696626352e-07	0.00439535766074334	0.0179163526556239	0.0406914653097925	0.0816249226883157	0.255330738086204	0.600040955702354	0
2.17622125728572e-07	0.00458595105547819	0.0179934325994898	0.0397369296695343	0.0804142045443417	0.25203884729042	0.605230417218611	0
2.11741175210105e-07	0.00459266609030719	0.018511048760393	0.0410557669085386	0.0817939220542621	0.257329473715192	0.596716910730132	0
2.21455445046828e-07	0.00442888744549151	0.0177846438808207	0.0397180340691486	0.0807448698185239	0.252576800194704	0.604746543135867	0
2.10006737016123e-07	0.00430051796061618	0.0174129186064289	0.0402889524695952	0.082043751963563	0.25629411191511	0.59965953707795	0
2.23239649326229e-07	0.00448064300162675	0.0176854914989225	0.0395357418956752	0.0812335597950749	0.255280566475075	0.601783774093976	0
2.12268075900271e-07	0.00435064648365196	0.0177545264044505	0.0415414992579108	0.0842789168554437	0.258101211116734	0.593972987613733	0
2.28563174175653e-07	0.00430841583321105	0.0177024464030785	0.0404828808468174	0.0828271801841214	0.257208539668739	0.597470308500859	0
2.23709692826458e-07	0.00433146707250588	0.0174869392688586	0.0396525430534897	0.0819347935461543	0.256673316064436	0.599920717284862	0
2.2340537709934e-07	0.00414707401509505	0.0172031076581576	0.0386734814242897	0.0808213632732283	0.255948614976024	0.603206135247828	0
2.16769270788173e-07	0.00390726610595682	0.016551417671031	0.0371846007110032	0.0794598109771959	0.25550333824677	0.607393349518772	0
2.24885263538543e-07	0.00388106987814817	0.0164784676857867	0.0380676778707503	0.0792250543772567	0.25602422643967	0.606323278863124	0
2.22042762327426e-07	0.00376562320631081	0.0165155406619139	0.0376766599972422	0.0800592942992519	0.259388800651562	0.602593859140957	0
2.27516221337791e-07	0.00387846902514532	0.0166812618322655	0.0383997328049497	0.0809006730157343	0.261200680455515	0.598938955350169	0
2.30009262473e-07	0.00366703767160704	0.0163663090712663	0.03729071169696	0.0804629902446171	0.265031162804926	0.597181558501361	0
2.11054930633631e-07	0.00344378330314896	0.0157126174758126	0.0361992974825579	0.0787184238080092	0.263128513668867	0.602797153206674	0
2.29424468073635e-07	0.00367928019449689	0.016139323055576	0.0375918873672693	0.080490821530018	0.263810377924044	0.598288080504128	0
2.06627750396157e-07	0.003097143350688	0.0148999270810669	0.0358261525024377	0.0785555315178606	0.263109032711446	0.604512006208751	0
2.16439113404789e-07	0.00329550194070131	0.0154437964978853	0.0374472132057295	0.0806395862376757	0.2644522348096	0.598721450869295	0
2.15725016184769e-07	0.0029120719934782	0.0145750292684916	0.0359850899497814	0.0790435874552451	0.26592228592582	0.601561719682168	0
2.13772324778307e-07	0.002824359954971	0.0142855493756352	0.0359158882860034	0.0788050298062752	0.265351738845467	0.602817219959323	0
2.16889723287753e-07	0.00216499321785835	0.0128407391775281	0.0338961766245799	0.0761573560969219	0.265601420020396	0.609339097972992	0
2.27241946318181e-07	0.00197018767457863	0.012361961879709	0.0328119191127747	0.075083693208829	0.266992471019835	0.610779539862328	0
2.23505641282386e-07	0.00104533588427772	0.0111176176086684	0.0307065460332219	0.0740789332522753	0.272093532640764	0.610957811075152	0
2.23115178748725e-07	0.000422803263728835	0.0103333563885685	0.0307544193539031	0.074616632344115	0.271781507767755	0.612091057766751	0
2.24741726807553e-07	4.94431798976616e-06	0.0100693283278856	0.0296423100572822	0.0719294886316645	0.273322572699454	0.615031131223997	0
1.93986270427724e-07	0.0173148265258378	0.0470666948076083	0.104626106982652	0.327331268802119	0.503660908895512	0	0
1.59207047013363e-07	0.00114199214822686	0.0241439078866236	0.0305768278282455	0.0953787129670478	0.848758399962809	0	0
3.38700723701836e-07	0.00177377569002652	0.026207645897877	0.0355581567771136	0.0971518994844636	0.839308183449796	0	0
2.64949932411272e-07	0.00151498371352765	0.0232424678708464	0.031657012774296	0.0900495933283487	0.853535677363049	0	0
2.99923009763394e-07	0.00143453175569831	0.0230127926161354	0.0268755010588782	0.0483688837075523	0.104148265140338	0.796159725798388	0
3.17435023431466e-07	0.00128434210480371	0.019831118218834	0.023483208163413	0.0446551719212215	0.101986794068155	0.808759048088549	0
3.0223697675979e-07	0.00322063722435232	0.0203329926115149	0.025306604301074	0.0468539850852097	0.106844700365284	0.797440778175589	0
2.74028684774665e-07	0.00286606601405822	0.0201537136504375	0.0250196410059812	0.0467336739875257	0.105932090759397	0.799294540553916	0
2.42128288283751e-07	0.00242830460319774	0.0190119131960401	0.0232663493494739	0.0443499121800698	0.103489020208511	0.807454258334419	0
2.58842245228696e-07	0.00246599007029379	0.0205290373113331	0.0253212426394972	0.0476927190523682	0.108252486115055	0.795738265969208	0
3.16800567706617e-07	0.00228761689940948	0.0199793446029855	0.0242507666573738	0.0455524368299668	0.104639544314063	0.803289973895633	0
2.57686265940472e-07	0.00214008443863562	0.0184802282481869	0.0226923679512499	0.043375298400696	0.101751545086851	0.811560218188115	0
2.54072528560293e-07	0.00209304949027969	0.0196103340443976	0.0240581277293741	0.0446250448438013	0.1020113905796	0.807601799240018	0
2.78310742850336e-07	0.00286103443650146	0.0219528730852917	0.0274355947194433	0.0507560867951015	0.11233540006891	0.78465873258401	0
2.12288038354504e-07	0.00218253332232266	0.017126549782288	0.0213037415129896	0.0397243991770867	0.0863838239911383	0.22305465079573	0.610224089130407
2.17087334886087e-07	0.00204496269462694	0.0170163907450459	0.0209871351874473	0.0387340248143849	0.0847315747667234	0.223096529403068	0.613389165301368
2.04086214180318e-07	0.002040658055589	0.0164303688450149	0.0206290345293466	0.0384614756657803	0.0851545646943095	0.224955050011327	0.612328644112419
2.23703537334554e-07	0.00203905774280446	0.0156471676224027	0.0197172297806676	0.0367202645428551	0.0825376571349572	0.222822816508068	0.620515582964707
2.19164680121479e-07	0.00196437302792881	0.015032067080172	0.0192262215636567	0.0360823962764798	0.0822435186977059	0.224215549339558	0.621235654849818
2.25256832208664e-07	0.00210592612431879	0.0152647544914523	0.019729344905828	0.0367842154428425	0.0824735092333902	0.219053934820134	0.624588089725202
2.17433467533269e-07	0.00229131388086559	0.0151272812032246	0.0197131704669688	0.0362750776889779	0.0816073464680542	0.22026032004467	0.624725272813772
2.16071670108688e-07	0.00221797569366569	0.0147542379217017	0.0194872878554325	0.0359162972921466	0.0819536076838543	0.221949899893995	0.623720477587534
2.1806312840342e-07	0.00234526894597879	0.0143034147813655	0.0192394917559054	0.0354897741476567	0.0812357114135114	0.222384267355862	0.625001853536591
2.14266965926196e-07	0.00263012700674405	0.0144484500463352	0.0197549857244634	0.0359882795969638	0.0821643106228205	0.224625488126932	0.620388144608775
2.18036217560026e-07	0.00285714659490659	0.0145159792202763	0.0201094803455612	0.0363699673425353	0.0829012945682381	0.225599239838531	0.617646674053734
2.12338614690137e-07	0.00295660287094547	0.0137034848376427	0.0195752845496691	0.0353021440466941	0.0819618559159343	0.226570398001129	0.61993001743937
2.23072525116293e-07	0.00337397194238394	0.0145967506809847	0.0208635271290767	0.0368415428855814	0.0838034400906388	0.227693026329027	0.612827517869782
2.06564410398039e-07	0.00334200559582988	0.0139364876407349	0.0202009665148763	0.0358816840370122	0.0828255119440706	0.228671553292069	0.615141584410997
2.1866220712384e-07	0.00388978200252599	0.0144341109544518	0.0213711694754556	0.0372952447092492	0.0854873018483079	0.231617505571513	0.605904666776289
2.20438774563217e-07	0.00426438809392544	0.014319482356852	0.0214647847955441	0.0369704481983208	0.0847992695540766	0.231686442596531	0.606494963965976
2.15955435436343e-07	0.0039461536717283	0.0130115309404751	0.020068522659664	0.0352216836533613	0.0832477969846143	0.23293190817143	0.611572187963292
2.10501897569356e-07	0.00435844178917351	0.0131639466663972	0.0205230930054219	0.035685334185445	0.0835090497923294	0.234573000058309	0.608186924001026
2.10490022878161e-07	0.00442618420108196	0.0127830590893907	0.0202169352273787	0.0353844252959332	0.0833696253214446	0.235119460455134	0.608700099919614
1.97511903054838e-07	0.00468043956669049	0.0127138411996399	0.0207263065708655	0.0362110422584617	0.0856058065339308	0.239301273991277	0.600761092367232
2.09896141290328e-07	0.00478584191756077	0.0130276238014668	0.0211006491877754	0.0367679268621094	0.0864092038618371	0.240253000412866	0.597655544060244
2.00061498904763e-07	0.00484428913447994	0.0125668630537027	0.0207401755299579	0.0366286596499764	0.0872890326486362	0.241289372353061	0.596641407568687
2.19967458014261e-07	0.00518001366877784	0.0126124941076217	0.0209107664612097	0.0366487781797561	0.0868600899182975	0.242928981086538	0.594858656610341
2.07310343169103e-07	0.00482328244417236	0.0122302736952613	0.0208485792814872	0.0366020922589074	0.0876402402643953	0.246317235408772	0.591538089336661
2.14903746760863e-07	0.00481685257989799	0.0119834627268793	0.0206969500430452	0.0367895873117389	0.0885390542429951	0.250196959283906	0.58697691890779
2.07518089870689e-07	0.00497711386745861	0.0123242918393304	0.0213415753984814	0.0374294153157066	0.0889893599249781	0.248140378517146	0.586797657618809
2.12757718743657e-07	0.00458237574630089	0.0116157204125287	0.0208277041186916	0.036946228890711	0.0899548145156932	0.258959121157436	0.57711382240092
2.14189222041185e-07	0.00473786559155101	0.0119628964294442	0.0216335398046037	0.0381548112575285	0.0923455411908364	0.260914815018691	0.570250316518123
1.97043325492323e-07	0.00439189868189838	0.0114048676794956	0.0212483640477901	0.0381958634300593	0.0950274934552059	0.277803896965257	0.551927418696968
2.10652929286971e-07	0.00456253179542651	0.0115507320715925	0.021397703251112	0.0382596276288169	0.0951742573694294	0.271085041640818	0.557969895589876
1.9581182014136e-07	0.0043720863201163	0.0114508794300466	0.0220446905233345	0.039543218018447	0.0990051976289538	0.276686997155246	0.546896735112036
2.04551935122672e-07	0.00435081966005923	0.0109077319404165	0.0216235941656879	0.0394719778167517	0.0983960264559291	0.282443675601904	0.542805969807316
1.90185333705843e-07	0.00430332354576211	0.0107528885823947	0.0212235421295698	0.0389587048683071	0.097582192871131	0.284915317127387	0.542263840690114
2.02948352485569e-07	0.00431671145736806	0.010949266564949	0.0220006161511981	0.0401691615107638	0.100762842267323	0.287351325110678	0.534449873989368
1.88407866857436e-07	0.00417097335648992	0.0107207844399218	0.0216944122371663	0.0398833077035832	0.0997646032111483	0.293190525194465	0.530575205449358
1.95910678052734e-07	0.00409198633248746	0.010591714898243	0.0217096458777357	0.0405660486403113	0.102869562474642	0.300873546122369	0.519297299743533
1.82561072612024e-07	0.00411510913774762	0.0107121360576557	0.0221630967761723	0.0414572462962466	0.106800235649833	0.299411295309148	0.515340698212125
1.79629833210107e-07	0.00388611181166746	0.010184113393847	0.0215081577092454	0.0404384476820926	0.105634736386035	0.30420833180648	0.5141399215808
1.77846608367363e-07	0.00382387992650667	0.0101632222817613	0.0219966020627005	0.0417315288067933	0.111165868105754	0.307768535484756	0.50335018548512
1.92556237974863e-07	0.00403597874795313	0.0106044571377517	0.0225194520311602	0.042522194031989	0.111063934832807	0.308254616343249	0.500999174318852
1.74222007270981e-07	0.00414996821319477	0.0108071653330262	0.0230938239517976	0.043110364589168	0.112504558083265	0.314049976976562	0.492283968630979
1.80539241829065e-07	0.00385758198016163	0.0103723405215634	0.0213780127034632	0.0430920089359703	0.1135985406652	0.321636978191943	0.486064356462456
1.69130246018547e-07	0.00390234216638594	0.0102629924586515	0.021393284818886	0.0436667234380526	0.118186693745547	0.328478167737628	0.474109626504604
1.7150552350689e-07	0.00375013977700166	0.0101474673093322	0.0214982173715887	0.0437165864363828	0.119336115838947	0.329803406648515	0.47174789511271
1.66430058600024e-07	0.00376431506541533	0.0103128385811505	0.0214574945951838	0.0437454751827818	0.120808750226761	0.329959407708707	0.469951552209942
1.70427025363291e-07	0.00369485790987614	0.0101537013170941	0.0208169794400245	0.0456372897058327	0.123871815698851	0.337410572679116	0.458414612822179
1.56184061041729e-07	0.00363440310044103	0.00989722776415332	0.0200171739993521	0.0437370035338206	0.124705944459074	0.344497213832535	0.453510877126563
1.59029765760287e-07	0.00338812915952292	0.00946497456875501	0.019446795876231	0.0431595652189816	0.11986216572142	0.342580331103153	0.462097879322171
1.60428768343425e-07	0.00328445817429495	0.00941091197979368	0.0192384574709752	0.0428121815488948	0.120585000295189	0.354498486835857	0.450170343266227
1.58083097012277e-07	0.00325967346039315	0.00933211946592574	0.019224801593857	0.0429891174015186	0.12197707573777	0.352143219491899	0.45107383476554
1.59086082274549e-07	0.00324137892634394	0.00949489373447419	0.019595110012003	0.0436054951514539	0.123070425022332	0.357985842929538	0.443006695137773
1.57545913605602e-07	0.00336801654106056	0.00966559934561729	0.0199596493406073	0.0442773337433728	0.12591258470456	0.354561017217248	0.44225564156162
1.4738180642343e-07	0.00319744829035631	0.00940281186800839	0.0192843198432801	0.0433093228719762	0.124670712198998	0.361507379849193	0.438627857696381
1.42979104032883e-07	0.00328637470619581	0.00982109167691469	0.0204411505871651	0.044959493304932	0.132733793354303	0.363476188045546	0.42528176534584
1.5042606679158e-07	0.00313232198880108	0.00953159729618171	0.0192588989052593	0.0439654778193756	0.131312178614708	0.367309768187414	0.425489606762193
1.44417428757438e-07	0.00313833514432789	0.00959841556750562	0.0198627398990118	0.0442274043046792	0.13201717065461	0.367071266535073	0.424084523477364
1.40483296255109e-07	0.00301575492070842	0.00922034018311155	0.0191127524555075	0.0432984972220833	0.132842971704978	0.375443997457814	0.4170655455725
1.40016880435105e-07	0.00308611206167015	0.00940227353809775	0.0203865978082318	0.0450799748417669	0.13255594094424	0.375318328377669	0.414170632411444
1.38528119338096e-07	0.00296436322571592	0.00906721952315574	0.019632620656953	0.044337725459709	0.134951046240548	0.377657575389427	0.411389310976372
1.40896150238129e-07	0.00306801367143525	0.00938917855571865	0.0194936868661963	0.0445152932908353	0.137265538238792	0.377767376510865	0.408500771970007
1.40706444847647e-07	0.00307443581992108	0.00967187960593753	0.0211198966651869	0.0473785334026547	0.143635953029375	0.376414926421082	0.398704234349398
1.47392059636006e-07	0.00320769339385841	0.00991019991374617	0.0202615442619829	0.0457605179710717	0.140339054798304	0.37986530134454	0.400655540924437
1.41137045199986e-07	0.00341255261589045	0.0105224724048849	0.0225618857715793	0.0495534988438053	0.145515398616179	0.369268848005564	0.399165202605051
1.36042964544891e-07	0.00303552666789015	0.00970231214541251	0.01994866010604	0.0448947224716721	0.146192041785869	0.382769124613859	0.393457476166293
1.34333436814857e-07	0.00302962200048548	0.00962042341093283	0.0200601464529995	0.0453938206350398	0.143033676183609	0.384755411723252	0.394106765260245
1.42607803299346e-07	0.00319027916760966	0.0102236960263334	0.0207340337372985	0.0466428768329203	0.146295926308273	0.383497482045321	0.389415563274441
1.42161991029863e-07	0.00309884708046895	0.0101317429387073	0.0209495596461247	0.0465557774704236	0.146555507362641	0.384238983405289	0.388469439934355
1.38063728007829e-07	0.00332098491350031	0.0108210208100696	0.0221073163835256	0.0482173763694541	0.149109930758279	0.381715143602845	0.384708089098598
1.40738743293095e-07	0.00326710918680591	0.010659552417019	0.0223939266165674	0.0490767256962486	0.152293112639972	0.380091153669256	0.382218279035388
1.31634095126169e-07	0.00337746761274724	0.0112953900686814	0.0237889136712012	0.0514307573067454	0.1566645815826	0.376046227788063	0.377396530335867
1.41235277634659e-07	0.00333569478717538	0.0110635242382334	0.0226490540626045	0.0492565092514756	0.154398123039654	0.379162909808282	0.380134043577298
1.36905096018389e-07	0.00335458556773859	0.0111325747878313	0.0226690196089169	0.049404531284868	0.156084678539989	0.378368994829095	0.378985478476465
1.42253905011946e-07	0.00285076825643941	0.00995379024149592	0.0213550139664884	0.0468621349124655	0.153756698025117	0.382403106597679	0.382818345746409
1.5050949722453e-07	0.00276064519809232	0.00957706981789404	0.019633361874951	0.0440300483180639	0.14511102257808	0.389304554312029	0.389583147391392
1.45059393117918e-07	0.00282387120582651	0.00986360355383908	0.0197166177719806	0.0443173853102414	0.146480249873508	0.38831949853548	0.388478628689731
1.40079231614986e-07	0.00278239377756847	0.00966238523833851	0.0197606970454629	0.0433916431812162	0.143624216729467	0.390342265392151	0.390436258556565
1.4857584849067e-07	0.00297196269735887	0.0102585680348868	0.020566908979018	0.0448648546653336	0.145013742523106	0.388131374925359	0.388192439599089
1.36575321904619e-07	0.00288488052459127	0.0104093613096044	0.0211574294175322	0.0461993341406756	0.148331725614169	0.385494362375575	0.385522770042531
1.47223519016052e-07	0.00291973682912635	0.0103599718096406	0.02100290722283	0.0454707199657028	0.146674228066603	0.386777384641907	0.38679490424067
1.45387445183481e-07	0.00283272898195495	0.0104598997437255	0.0205339412079341	0.045257803198611	0.147413128457223	0.386745142932578	0.386757210090528
1.46685594975842e-07	0.00277353122980323	0.0101788068065637	0.0201798306720166	0.0444422148234008	0.146657137970417	0.38788101216581	0.387887319646394
1.42362048327929e-07	0.00292511300699396	0.0106038371697058	0.0215015096071605	0.0460703519075945	0.148264094127509	0.385316408194132	0.385318543624857
1.45216559276601e-07	0.00264511962722328	0.0100999569142469	0.0203124566619331	0.0445141032144121	0.146234236924011	0.388096192029731	0.388097789411883
1.41834556230877e-07	0.0026835098038882	0.0101042937858877	0.0198941403606115	0.0437945395965204	0.146848549628195	0.38833705790878	0.388337767081561
2.40350411672185e-07	0.00437029153543534	0.0165558170568035	0.0331385533597142	0.0726790802847287	0.239845435457262	0.633410581955645	0
2.29263043118418e-07	0.00448209249296506	0.0168334096779267	0.0340875170399757	0.0738745133318752	0.241738391609706	0.628983846584508	0
1.38373064852688e-07	0.00259407984679334	0.0102271532232622	0.0206054098333435	0.044754830603694	0.147691245412933	0.387063502166922	0.387063640539987
1.39849362657507e-07	0.00259910040498977	0.0102308199745726	0.0202840312585701	0.0441416332811276	0.145023649226472	0.388860103228409	0.388860522776497
1.79250210708623e-07	0.00358159846016899	0.0181519518376194	0.0406815523211648	0.0964357171101855	0.347139363812322	0.494009637208329	0
2.04884361217685e-07	0.00379138510433326	0.0162622864029313	0.0343439459334757	0.0795736028628082	0.3027014822564	0.563327092555691	0
2.18559027219997e-07	0.00373910783767971	0.0161353387435435	0.0324647579032583	0.0736725325723982	0.261807268967263	0.61218077541683	0
2.26284327615355e-07	0.00376582378017473	0.0159224967126544	0.0323233584938877	0.0713449593695176	0.247317003298547	0.629326132060891	0
2.29055350538292e-07	0.00373131166026877	0.0161099209140591	0.0332203555992695	0.0722211520247233	0.243621438389723	0.631095592356606	0
2.38682852546507e-07	0.00366449783514653	0.0157936443530024	0.0310686308674212	0.0699378947217674	0.239766234014216	0.639768859525594	0
2.26442660529165e-07	0.00355107380241836	0.0153643609595644	0.0303256539833868	0.0681934336610185	0.235426546642999	0.647138704507953	0
2.3512913997755e-07	0.00372820764348403	0.0157858650706728	0.0307236193334465	0.0695133438138229	0.235873558834719	0.644375170174715	0
2.12804579214057e-07	0.00360384554899006	0.0152102072993248	0.0307389830537329	0.0690061409017424	0.235869403532173	0.645571206859458	0
2.29416309847833e-07	0.00360344197877991	0.0157134113104076	0.0316319208018192	0.0697294814640798	0.236093012713334	0.643228502315269	0
2.29248747270221e-07	0.0035865966510426	0.0155212864339303	0.0317241293934949	0.0702216422738358	0.237611283073144	0.641334832925806	0
2.29918514579248e-07	0.00382975269734653	0.016164421167494	0.0323594214974271	0.0709406679178832	0.236219431471292	0.640486075330042	0
2.37085704585522e-07	0.00375520047493008	0.0162361032214257	0.0331002464742985	0.0719792199121645	0.238910553253717	0.63601843957776	0
2.26170454720223e-07	0.00364790326418247	0.015927828103217	0.0321356552293776	0.0708465379183814	0.238895256843692	0.638546592470695	0
2.27121794516553e-07	0.00348995349454135	0.0153759183669761	0.0312855729510662	0.0699566924162216	0.238253942152987	0.641637693496413	0
2.33125012821876e-07	0.00358756082231585	0.0157718396174512	0.0311093673360152	0.0701265682319613	0.239518466298516	0.639885964568728	0
2.18305196340419e-07	0.00361033133707785	0.0159469762874713	0.0315361503581406	0.0702619640525565	0.238912988569758	0.639731371089799	0
2.29310989270539e-07	0.00366003269974707	0.0161311108512253	0.0319168793526092	0.0708935561318905	0.239718727140561	0.637679464512978	0
2.31737250743413e-07	0.00361139331558535	0.0161150084166969	0.0324246761240184	0.0714749519840416	0.241276482933015	0.635097255489392	0
2.29111870744247e-07	0.00352648991449545	0.0160767799701238	0.0321934254057571	0.0715472841078842	0.246083561681498	0.630572229808371	0
2.31473176309646e-07	0.00384083441450596	0.0168743945529732	0.0343999231509055	0.0743734889141709	0.242939663044497	0.627571464449771	0
2.20716396866622e-07	0.00360672664119747	0.0161489358931432	0.0329827547657636	0.0725194622200847	0.242385449845399	0.632356449918015	0
2.40046933976531e-07	0.00364271222309386	0.0163483964384716	0.0327836898670428	0.0713851572259408	0.243018715019161	0.632821089179356	0
2.28872808285379e-07	0.00351205324313914	0.0157226464379724	0.0307332695693689	0.069471365608519	0.24270679630938	0.637853639958812	0
2.22894521631579e-07	0.00346378086615474	0.015555139981103	0.0293409432494945	0.0678056279529345	0.242413617785378	0.641420667270414	0
2.20134079264999e-07	0.00349859092175862	0.0159918603222851	0.0307307174653938	0.0705604569631271	0.246882791370568	0.632335362822788	0
2.46848972861424e-07	0.00351117978998089	0.015994579196556	0.0311688792562934	0.070558323006818	0.244793214615434	0.633973577285945	0
2.30650924587296e-07	0.00345561215216687	0.0156644268924216	0.0304357734048413	0.0695525556583746	0.245714967123017	0.635176434118254	0
2.34540277601873e-07	0.00340200672661516	0.0155999774841334	0.0308854364560026	0.0696654986560842	0.245730428786536	0.634716417350352	0
2.32277461932047e-07	0.0035269009819762	0.016123540020013	0.0325869019668326	0.0725918169579271	0.250669888200212	0.624500719595577	0
2.37967472226221e-07	0.00331821843272243	0.0157560643035703	0.0313267519462765	0.0706456414472706	0.248371410111952	0.630581675790736	0
2.34295906827078e-07	0.00325975895168514	0.0152924938386034	0.0309001156718892	0.0701095356794007	0.246601127853636	0.633836733708878	0
2.33034559724311e-07	0.00313338269005308	0.0153269160276276	0.0304869793104927	0.0706619043724041	0.24945906852824	0.630931516036623	0
2.35129471692293e-07	0.00309101203486688	0.014851717949972	0.0295498963549289	0.0697208260756703	0.252832604745477	0.629953707709613	0
2.27638811871091e-07	0.00301621425729195	0.0147607834781571	0.0292827738426615	0.0693492534812803	0.250576381471658	0.63301436583014	0
2.35272472579582e-07	0.00298349022478167	0.0145960689263647	0.0294387034039927	0.0682560733824253	0.254534700454617	0.630190728335346	0
2.41329105569176e-07	0.00296907198581757	0.0146221305064364	0.0300884302241537	0.0692954807022387	0.252287618923967	0.630737026328281	0
2.50837798246142e-07	0.00285854754881304	0.0145247627074429	0.0296141612987378	0.0692317339915317	0.253205205385989	0.630565338229687	0
2.31668586040902e-07	0.00268063720907928	0.0137754774631641	0.0273725701150767	0.0673747848667593	0.255698641796581	0.633097656880754	0
2.46789880627735e-07	0.00258882584778494	0.0138579921668892	0.0284583282947066	0.0680180057896906	0.254770078207713	0.632306522903335	0
2.39100027496503e-07	0.00250313818786089	0.0133252836324076	0.0273128743409806	0.066698148170287	0.253809222088061	0.636351094480376	0
2.48616634889317e-07	0.00232282521977089	0.013178421965578	0.0283490090265242	0.0678049662167286	0.253919379094871	0.634425149859892	0
2.42002541994701e-07	0.00209017595520823	0.0125233895456838	0.0278411824437804	0.067090122714649	0.257087286444857	0.63336760089328	0
2.38991912991648e-07	0.0018399987381227	0.011989029315226	0.0282043916197964	0.0681992102751227	0.259535896824323	0.630231234235496	0
2.44887783846369e-07	0.00142867533095972	0.0110025632404335	0.0260869160620183	0.064231861712848	0.258800103734465	0.638449635031491	0
2.44817818820125e-07	0.000911456739467325	0.0100385098429004	0.0256808995585935	0.0652740613072782	0.259930422775891	0.63816440495805	0
2.56539447044614e-07	0.000408923878589115	0.00906789983468598	0.0224746513372375	0.0618072793581178	0.258847788989122	0.647393200062801	0
2.57983293001945e-07	6.70756561805058e-06	0.00854905036349846	0.0219110370412412	0.0615297893308429	0.263387785007043	0.644615372708463	0
2.1289296848588e-07	0.0154768930229865	0.0335195721021648	0.0849915566648698	0.324144021241609	0.541867744075402	0	0
